date,OT
2025-09-08 23:00:00,455.0
2025-09-09 00:00:00,523.0
2025-09-09 01:00:00,500.0
2025-09-09 02:00:00,500.0
2025-09-09 03:00:00,523.0
2025-09-09 04:00:00,455.0
2025-09-09 05:00:00,568.0
2025-09-09 06:00:00,590.0
2025-09-09 07:00:00,500.0
2025-09-09 08:00:00,489.0
2025-09-09 09:00:00,523.0
2025-09-09 10:00:00,500.0
2025-09-09 11:00:00,523.0
2025-09-09 12:00:00,500.0
2025-09-09 13:00:00,466.0
2025-09-09 14:00:00,466.0
2025-09-09 15:00:00,489.0
2025-09-09 16:00:00,523.0
2025-09-09 17:00:00,466.0
2025-09-09 18:00:00,500.0
2025-09-09 19:00:00,455.0
2025-09-09 20:00:00,489.0
2025-09-09 21:00:00,478.0
2025-09-09 22:00:00,500.0
2025-09-09 23:00:00,500.0
2025-09-10 00:00:00,534.0
2025-09-10 01:00:00,500.0
2025-09-10 02:00:00,455.0
2025-09-10 03:00:00,478.0
2025-09-10 04:00:00,455.0
2025-09-10 05:00:00,455.0
2025-09-10 06:00:00,545.0
2025-09-10 07:00:00,489.0
2025-09-10 08:00:00,545.0
2025-09-10 09:00:00,478.0
2025-09-10 10:00:00,500.0
2025-09-10 11:00:00,500.0
2025-09-10 12:00:00,478.0
2025-09-10 13:00:00,500.0
2025-09-10 14:00:00,466.0
2025-09-10 15:00:00,523.0
2025-09-10 16:00:00,489.0
2025-09-10 17:00:00,478.0
2025-09-10 18:00:00,545.0
2025-09-10 19:00:00,500.0
2025-09-10 20:00:00,466.0
2025-09-10 21:00:00,545.0
2025-09-10 22:00:00,500.0
2025-09-10 23:00:00,478.0
2025-09-11 00:00:00,568.0
2025-09-11 01:00:00,489.0
2025-09-11 02:00:00,455.0
2025-09-11 03:00:00,478.0
2025-09-11 04:00:00,478.0
2025-09-11 05:00:00,489.0
2025-09-11 06:00:00,489.0
2025-09-11 07:00:00,500.0
2025-09-11 08:00:00,500.0
2025-09-11 09:00:00,500.0
2025-09-11 10:00:00,500.0
2025-09-11 11:00:00,500.0
2025-09-11 12:00:00,455.0
2025-09-11 13:00:00,511.0
2025-09-11 14:00:00,489.0
2025-09-11 15:00:00,478.0
2025-09-11 16:00:00,500.0
2025-09-11 17:00:00,511.0
2025-09-11 18:00:00,500.0
2025-09-11 19:00:00,500.0
2025-09-11 20:00:00,478.0
2025-09-11 21:00:00,478.0
2025-09-11 22:00:00,489.0
2025-09-11 23:00:00,489.0
2025-09-12 00:00:00,523.0
2025-09-12 01:00:00,500.0
2025-09-12 02:00:00,568.0
2025-09-12 03:00:00,500.0
2025-09-12 04:00:00,478.0
2025-09-12 05:00:00,500.0
2025-09-12 06:00:00,489.0
2025-09-12 07:00:00,455.0
2025-09-12 08:00:00,489.0
2025-09-12 09:00:00,500.0
2025-09-12 10:00:00,500.0
2025-09-12 11:00:00,523.0
2025-09-12 12:00:00,489.0
2025-09-12 13:00:00,489.0
2025-09-12 14:00:00,455.0
2025-09-12 15:00:00,455.0
2025-09-12 16:00:00,489.0
2025-09-12 17:00:00,466.0
2025-09-12 18:00:00,500.0
2025-09-12 19:00:00,478.0
2025-09-12 20:00:00,500.0
2025-09-12 21:00:00,500.0
2025-09-12 22:00:00,500.0
2025-09-12 23:00:00,478.0
2025-09-13 00:00:00,500.0
2025-09-13 01:00:00,489.0
2025-09-13 02:00:00,478.0
2025-09-13 03:00:00,500.0
2025-09-13 04:00:00,478.0
2025-09-13 05:00:00,500.0
2025-09-13 06:00:00,534.0
2025-09-13 07:00:00,478.0
2025-09-13 08:00:00,523.0
2025-09-13 09:00:00,500.0
2025-09-13 10:00:00,500.0
2025-09-13 11:00:00,523.0
2025-09-13 12:00:00,534.0
2025-09-13 13:00:00,500.0
2025-09-13 14:00:00,523.0
2025-09-13 15:00:00,500.0
2025-09-13 16:00:00,534.0
2025-09-13 17:00:00,500.0
2025-09-13 18:00:00,500.0
2025-09-13 19:00:00,500.0
2025-09-13 20:00:00,500.0
2025-09-13 21:00:00,511.0
2025-09-13 22:00:00,500.0
2025-09-13 23:00:00,466.0
2025-09-14 00:00:00,466.0
2025-09-14 01:00:00,500.0
2025-09-14 02:00:00,500.0
2025-09-14 03:00:00,500.0
2025-09-14 04:00:00,523.0
2025-09-14 05:00:00,511.0
2025-09-14 06:00:00,500.0
2025-09-14 07:00:00,489.0
2025-09-14 08:00:00,500.0
2025-09-14 09:00:00,489.0
2025-09-14 10:00:00,534.0
2025-09-14 11:00:00,523.0
2025-09-14 12:00:00,511.0
2025-09-14 13:00:00,534.0
2025-09-14 14:00:00,545.0
2025-09-14 15:00:00,500.0
2025-09-14 16:00:00,523.0
2025-09-14 17:00:00,500.0
2025-09-14 18:00:00,500.0
2025-09-14 19:00:00,500.0
2025-09-14 20:00:00,500.0
2025-09-14 21:00:00,523.0
2025-09-14 22:00:00,478.0
2025-09-14 23:00:00,523.0
2025-09-15 00:00:00,466.0
2025-09-15 01:00:00,511.0
2025-09-15 02:00:00,466.0
2025-09-15 03:00:00,500.0
2025-09-15 04:00:00,478.0
2025-09-15 05:00:00,478.0
2025-09-15 06:00:00,466.0
2025-09-15 07:00:00,455.0
2025-09-15 08:00:00,455.0
2025-09-15 09:00:00,500.0
2025-09-15 10:00:00,545.0
2025-09-15 11:00:00,478.0
2025-09-15 12:00:00,466.0
2025-09-15 13:00:00,489.0
2025-09-15 14:00:00,489.0
2025-09-15 15:00:00,523.0
2025-09-15 16:00:00,500.0
2025-09-15 17:00:00,500.0
2025-09-15 18:00:00,500.0
2025-09-15 19:00:00,478.0
2025-09-15 20:00:00,489.0
2025-09-15 21:00:00,455.0
2025-09-15 22:00:00,511.0
2025-09-15 23:00:00,466.0
2025-09-16 00:00:00,489.0
2025-09-16 01:00:00,500.0
2025-09-16 02:00:00,556.0
2025-09-16 03:00:00,523.0
2025-09-16 04:00:00,489.0
2025-09-16 05:00:00,523.0
2025-09-16 06:00:00,489.0
2025-09-16 07:00:00,568.0
2025-09-16 08:00:00,500.0
2025-09-16 09:00:00,568.0
2025-09-16 10:00:00,523.0
2025-09-16 11:00:00,489.0
2025-09-16 12:00:00,500.0
2025-09-16 13:00:00,500.0
2025-09-16 14:00:00,478.0
2025-09-16 15:00:00,523.0
2025-09-16 16:00:00,489.0
2025-09-16 17:00:00,466.0
2025-09-16 18:00:00,500.0
2025-09-16 19:00:00,500.0
2025-09-16 20:00:00,500.0
2025-09-16 21:00:00,455.0
2025-09-16 22:00:00,500.0
2025-09-16 23:00:00,478.0
2025-09-17 00:00:00,511.0
2025-09-17 01:00:00,478.0
2025-09-17 02:00:00,455.0
2025-09-17 03:00:00,455.0
2025-09-17 04:00:00,455.0
2025-09-17 05:00:00,466.0
2025-09-17 06:00:00,478.0
2025-09-17 07:00:00,478.0
2025-09-17 08:00:00,478.0
2025-09-17 09:00:00,500.0
2025-09-17 10:00:00,455.0
2025-09-17 11:00:00,500.0
2025-09-17 12:00:00,500.0
2025-09-17 13:00:00,523.0
2025-09-17 14:00:00,500.0
2025-09-17 15:00:00,466.0
2025-09-17 16:00:00,478.0
2025-09-17 17:00:00,500.0
2025-09-17 18:00:00,534.0
2025-09-17 19:00:00,500.0
2025-09-17 20:00:00,500.0
2025-09-17 21:00:00,466.0
2025-09-17 22:00:00,500.0
2025-09-17 23:00:00,478.0
2025-09-18 00:00:00,466.0
2025-09-18 01:00:00,500.0
2025-09-18 02:00:00,500.0
2025-09-18 03:00:00,455.0
2025-09-18 04:00:00,478.0
2025-09-18 05:00:00,478.0
2025-09-18 06:00:00,500.0
2025-09-18 07:00:00,500.0
2025-09-18 08:00:00,500.0
2025-09-18 09:00:00,466.0
2025-09-18 10:00:00,455.0
2025-09-18 11:00:00,500.0
2025-09-18 12:00:00,489.0
2025-09-18 13:00:00,500.0
2025-09-18 14:00:00,500.0
2025-09-18 15:00:00,500.0
2025-09-18 16:00:00,489.0
2025-09-18 17:00:00,500.0
2025-09-18 18:00:00,500.0
2025-09-18 19:00:00,500.0
2025-09-18 20:00:00,500.0
2025-09-18 21:00:00,478.0
2025-09-18 22:00:00,489.0
2025-09-18 23:00:00,500.0
2025-09-19 00:00:00,545.0
2025-09-19 01:00:00,455.0
2025-09-19 02:00:00,500.0
2025-09-19 03:00:00,500.0
2025-09-19 04:00:00,534.0
2025-09-19 05:00:00,500.0
2025-09-19 06:00:00,500.0
2025-09-19 07:00:00,500.0
2025-09-19 08:00:00,500.0
2025-09-19 09:00:00,466.0
2025-09-19 10:00:00,511.0
2025-09-19 11:00:00,455.0
2025-09-19 12:00:00,489.0
2025-09-19 13:00:00,500.0
2025-09-19 14:00:00,466.0
2025-09-19 15:00:00,478.0
2025-09-19 16:00:00,478.0
2025-09-19 17:00:00,500.0
2025-09-19 18:00:00,523.0
2025-09-19 19:00:00,511.0
2025-09-19 20:00:00,511.0
2025-09-19 21:00:00,534.0
2025-09-19 22:00:00,545.0
2025-09-19 23:00:00,534.0
2025-09-20 00:00:00,534.0
2025-09-20 01:00:00,511.0
2025-09-20 02:00:00,511.0
2025-09-20 03:00:00,511.0
2025-09-20 04:00:00,511.0
2025-09-20 05:00:00,568.0
2025-09-20 06:00:00,579.0
2025-09-20 07:00:00,545.0
2025-09-20 08:00:00,545.0
2025-09-20 09:00:00,545.0
2025-09-20 10:00:00,545.0
2025-09-20 11:00:00,523.0
2025-09-20 12:00:00,545.0
2025-09-20 13:00:00,545.0
2025-09-20 14:00:00,545.0
2025-09-20 15:00:00,545.0
2025-09-20 16:00:00,511.0
2025-09-20 17:00:00,545.0
2025-09-20 18:00:00,545.0
2025-09-20 19:00:00,545.0
2025-09-20 20:00:00,545.0
2025-09-20 21:00:00,545.0
2025-09-20 22:00:00,545.0
2025-09-20 23:00:00,511.0
2025-09-21 00:00:00,500.0
2025-09-21 01:00:00,534.0
2025-09-21 02:00:00,511.0
2025-09-21 03:00:00,500.0
2025-09-21 04:00:00,545.0
2025-09-21 05:00:00,556.0
2025-09-21 06:00:00,534.0
2025-09-21 07:00:00,556.0
2025-09-21 08:00:00,590.0
2025-09-21 09:00:00,590.0
2025-09-21 10:00:00,568.0
2025-09-21 11:00:00,590.0
2025-09-21 12:00:00,590.0
2025-09-21 13:00:00,590.0
2025-09-21 14:00:00,590.0
2025-09-21 15:00:00,556.0
2025-09-21 16:00:00,590.0
2025-09-21 17:00:00,556.0
2025-09-21 18:00:00,568.0
2025-09-21 19:00:00,556.0
2025-09-21 20:00:00,590.0
2025-09-21 21:00:00,545.0
2025-09-21 22:00:00,511.0
2025-09-21 23:00:00,511.0
2025-09-22 00:00:00,500.0
2025-09-22 01:00:00,523.0
2025-09-22 02:00:00,511.0
2025-09-22 03:00:00,500.0
2025-09-22 04:00:00,500.0
2025-09-22 05:00:00,466.0
2025-09-22 06:00:00,568.0
2025-09-22 07:00:00,466.0
2025-09-22 08:00:00,500.0
2025-09-22 09:00:00,500.0
2025-09-22 10:00:00,534.0
2025-09-22 11:00:00,500.0
2025-09-22 12:00:00,500.0
2025-09-22 13:00:00,511.0
2025-09-22 14:00:00,455.0
2025-09-22 15:00:00,455.0
2025-09-22 16:00:00,478.0
2025-09-22 17:00:00,523.0
2025-09-22 18:00:00,500.0
2025-09-22 19:00:00,500.0
2025-09-22 20:00:00,500.0
2025-09-22 21:00:00,500.0
2025-09-22 22:00:00,568.0
2025-09-22 23:00:00,500.0
2025-09-23 00:00:00,500.0
2025-09-23 01:00:00,500.0
2025-09-23 02:00:00,500.0
2025-09-23 03:00:00,523.0
2025-09-23 04:00:00,466.0
2025-09-23 05:00:00,466.0
2025-09-23 06:00:00,478.0
2025-09-23 07:00:00,489.0
2025-09-23 08:00:00,466.0
2025-09-23 09:00:00,500.0
2025-09-23 10:00:00,500.0
2025-09-23 11:00:00,500.0
2025-09-23 12:00:00,500.0
2025-09-23 13:00:00,478.0
2025-09-23 14:00:00,489.0
2025-09-23 15:00:00,500.0
2025-09-23 16:00:00,500.0
2025-09-23 17:00:00,500.0
2025-09-23 18:00:00,478.0
2025-09-23 19:00:00,489.0
2025-09-23 20:00:00,487.0
2025-09-23 21:00:00,488.0
2025-09-23 22:00:00,484.0
2025-09-23 23:00:00,478.0
2025-09-24 00:00:00,479.0
2025-09-24 01:00:00,475.0
2025-09-24 02:00:00,501.0
2025-09-24 03:00:00,472.0
2025-09-24 04:00:00,481.0
2025-09-24 05:00:00,478.0
2025-09-24 06:00:00,479.0
2025-09-24 07:00:00,485.0
2025-09-24 08:00:00,502.0
2025-09-24 09:00:00,499.0
2025-09-24 10:00:00,507.0
2025-09-24 11:00:00,477.0
2025-09-24 12:00:00,510.0
2025-09-24 13:00:00,494.0
2025-09-24 14:00:00,483.0
2025-09-24 15:00:00,478.0
2025-09-24 16:00:00,478.0
2025-09-24 17:00:00,485.0
2025-09-24 18:00:00,477.0
2025-09-24 19:00:00,478.0
2025-09-24 20:00:00,477.0
2025-09-24 21:00:00,501.0
2025-09-24 22:00:00,481.0
2025-09-24 23:00:00,478.0
2025-09-25 00:00:00,478.0
2025-09-25 01:00:00,479.0
2025-09-25 02:00:00,498.0
2025-09-25 03:00:00,478.0
2025-09-25 04:00:00,465.0
2025-09-25 05:00:00,495.0
2025-09-25 06:00:00,467.0
2025-09-25 07:00:00,469.0
2025-09-25 08:00:00,494.0
2025-09-25 09:00:00,479.0
2025-09-25 10:00:00,515.0
2025-09-25 11:00:00,498.0
2025-09-25 12:00:00,502.0
2025-09-25 13:00:00,490.0
2025-09-25 14:00:00,493.0
2025-09-25 15:00:00,485.0
2025-09-25 16:00:00,474.0
2025-09-25 17:00:00,467.0
2025-09-25 18:00:00,495.0
2025-09-25 19:00:00,485.0
2025-09-25 20:00:00,486.0
2025-09-25 21:00:00,475.0
2025-09-25 22:00:00,483.0
2025-09-25 23:00:00,500.0
2025-09-26 00:00:00,477.0
2025-09-26 01:00:00,481.0
2025-09-26 02:00:00,488.0
2025-09-26 03:00:00,505.0
2025-09-26 04:00:00,478.0
2025-09-26 05:00:00,525.0
2025-09-26 06:00:00,938.0
2025-09-26 07:00:00,544.0
2025-09-26 08:00:00,869.0
2025-09-26 09:00:00,1208.0
2025-09-26 10:00:00,523.0
2025-09-26 11:00:00,774.0
2025-09-26 12:00:00,486.0
2025-09-26 13:00:00,508.0
2025-09-26 14:00:00,486.0
2025-09-26 15:00:00,497.0
2025-09-26 16:00:00,491.0
2025-09-26 17:00:00,500.0
2025-09-26 18:00:00,474.0
2025-09-26 19:00:00,474.0
2025-09-26 20:00:00,481.0
2025-09-26 21:00:00,493.0
2025-09-26 22:00:00,477.0
2025-09-26 23:00:00,480.0
2025-09-27 00:00:00,479.0
2025-09-27 01:00:00,471.0
2025-09-27 02:00:00,496.0
2025-09-27 03:00:00,478.0
2025-09-27 04:00:00,483.0
2025-09-27 05:00:00,494.0
2025-09-27 06:00:00,486.0
2025-09-27 07:00:00,509.0
2025-09-27 08:00:00,492.0
2025-09-27 09:00:00,515.0
2025-09-27 10:00:00,506.0
2025-09-27 11:00:00,500.0
2025-09-27 12:00:00,545.0
2025-09-27 13:00:00,519.0
2025-09-27 14:00:00,513.0
2025-09-27 15:00:00,517.0
2025-09-27 16:00:00,519.0
2025-09-27 17:00:00,516.0
2025-09-27 18:00:00,534.0
2025-09-27 19:00:00,515.0
2025-09-27 20:00:00,515.0
2025-09-27 21:00:00,515.0
2025-09-27 22:00:00,501.0
2025-09-27 23:00:00,502.0
2025-09-28 00:00:00,498.0
2025-09-28 01:00:00,499.0
2025-09-28 02:00:00,499.0
2025-09-28 03:00:00,484.0
2025-09-28 04:00:00,500.0
2025-09-28 05:00:00,474.0
2025-09-28 06:00:00,484.0
2025-09-28 07:00:00,471.0
2025-09-28 08:00:00,469.0
2025-09-28 09:00:00,483.0
2025-09-28 10:00:00,484.0
2025-09-28 11:00:00,508.0
2025-09-28 12:00:00,491.0
2025-09-28 13:00:00,503.0
2025-09-28 14:00:00,461.0
2025-09-28 15:00:00,489.0
2025-09-28 16:00:00,481.0
2025-09-28 17:00:00,476.0
2025-09-28 18:00:00,816.0
2025-09-28 19:00:00,527.0
2025-09-28 20:00:00,480.0
2025-09-28 21:00:00,491.0
2025-09-28 22:00:00,478.0
2025-09-28 23:00:00,477.0
2025-09-29 00:00:00,478.0
2025-09-29 01:00:00,478.0
2025-09-29 02:00:00,494.0
2025-09-29 03:00:00,498.0
2025-09-29 04:00:00,494.0
2025-09-29 05:00:00,486.0
2025-09-29 06:00:00,479.0
2025-09-29 07:00:00,498.0
2025-09-29 08:00:00,501.0
2025-09-29 09:00:00,474.0
2025-09-29 10:00:00,524.0
2025-09-29 11:00:00,520.0
2025-09-29 12:00:00,496.0
2025-09-29 13:00:00,472.0
2025-09-29 14:00:00,482.0
2025-09-29 15:00:00,487.0
2025-09-29 16:00:00,502.0
2025-09-29 17:00:00,488.0
2025-09-29 18:00:00,483.0
2025-09-29 19:00:00,488.0
2025-09-29 20:00:00,470.0
2025-09-29 21:00:00,467.0
2025-09-29 22:00:00,477.0
2025-09-29 23:00:00,471.0
2025-09-30 00:00:00,534.0
2025-09-30 01:00:00,473.0
2025-09-30 02:00:00,474.0
2025-09-30 03:00:00,466.0
2025-09-30 04:00:00,496.0
2025-09-30 05:00:00,479.0
2025-09-30 06:00:00,466.0
2025-09-30 07:00:00,513.0
2025-09-30 08:00:00,498.0
2025-09-30 09:00:00,492.0
2025-09-30 10:00:00,487.0
2025-09-30 11:00:00,498.0
2025-09-30 12:00:00,497.0
2025-09-30 13:00:00,497.0
2025-09-30 14:00:00,501.0
2025-09-30 15:00:00,493.0
2025-09-30 16:00:00,492.0
2025-09-30 17:00:00,485.0
2025-09-30 18:00:00,482.0
2025-09-30 19:00:00,480.0
2025-09-30 20:00:00,482.0
2025-09-30 21:00:00,474.0
2025-09-30 22:00:00,477.0
2025-09-30 23:00:00,479.0
2025-10-01 00:00:00,484.0
2025-10-01 01:00:00,482.0
2025-10-01 02:00:00,489.0
2025-10-01 03:00:00,475.0
2025-10-01 04:00:00,495.0
2025-10-01 05:00:00,482.0
2025-10-01 06:00:00,501.0
2025-10-01 07:00:00,480.0
2025-10-01 08:00:00,492.0
2025-10-01 09:00:00,501.0
2025-10-01 10:00:00,504.0
2025-10-01 11:00:00,514.0
2025-10-01 12:00:00,521.0
2025-10-01 13:00:00,545.0
2025-10-01 14:00:00,516.0
2025-10-01 15:00:00,515.0
2025-10-01 16:00:00,517.0
2025-10-01 17:00:00,519.0
2025-10-01 18:00:00,516.0
2025-10-01 19:00:00,518.0
2025-10-01 20:00:00,515.0
2025-10-01 21:00:00,517.0
2025-10-01 22:00:00,516.0
2025-10-01 23:00:00,517.0
2025-10-02 00:00:00,512.0
2025-10-02 01:00:00,500.0
2025-10-02 02:00:00,491.0
2025-10-02 03:00:00,509.0
2025-10-02 04:00:00,503.0
2025-10-02 05:00:00,497.0
2025-10-02 06:00:00,509.0
2025-10-02 07:00:00,507.0
2025-10-02 08:00:00,502.0
2025-10-02 09:00:00,519.0
2025-10-02 10:00:00,493.0
2025-10-02 11:00:00,529.0
2025-10-02 12:00:00,590.0
2025-10-02 13:00:00,540.0
2025-10-02 14:00:00,542.0
2025-10-02 15:00:00,542.0
2025-10-02 16:00:00,560.0
2025-10-02 17:00:00,560.0
2025-10-02 18:00:00,563.0
2025-10-02 19:00:00,554.0
2025-10-02 20:00:00,552.0
2025-10-02 21:00:00,547.0
2025-10-02 22:00:00,556.0
2025-10-02 23:00:00,548.0
2025-10-03 00:00:00,529.0
2025-10-03 01:00:00,523.0
2025-10-03 02:00:00,517.0
2025-10-03 03:00:00,521.0
2025-10-03 04:00:00,527.0
2025-10-03 05:00:00,532.0
2025-10-03 06:00:00,527.0
2025-10-03 07:00:00,517.0
2025-10-03 08:00:00,515.0
2025-10-03 09:00:00,520.0
2025-10-03 10:00:00,501.0
2025-10-03 11:00:00,512.0
2025-10-03 12:00:00,559.0
2025-10-03 13:00:00,549.0
2025-10-03 14:00:00,563.0
2025-10-03 15:00:00,590.0
2025-10-03 16:00:00,565.0
2025-10-03 17:00:00,557.0
2025-10-03 18:00:00,558.0
2025-10-03 19:00:00,545.0
2025-10-03 20:00:00,551.0
2025-10-03 21:00:00,539.0
2025-10-03 22:00:00,549.0
2025-10-03 23:00:00,553.0
2025-10-04 00:00:00,526.0
2025-10-04 01:00:00,517.0
2025-10-04 02:00:00,526.0
2025-10-04 03:00:00,506.0
2025-10-04 04:00:00,501.0
2025-10-04 05:00:00,492.0
2025-10-04 06:00:00,500.0
2025-10-04 07:00:00,502.0
2025-10-04 08:00:00,491.0
2025-10-04 09:00:00,505.0
2025-10-04 10:00:00,511.0
2025-10-04 11:00:00,516.0
2025-10-04 12:00:00,525.0
2025-10-04 13:00:00,517.0
2025-10-04 14:00:00,515.0
2025-10-04 15:00:00,521.0
2025-10-04 16:00:00,520.0
2025-10-04 17:00:00,520.0
2025-10-04 18:00:00,518.0
2025-10-04 19:00:00,513.0
2025-10-04 20:00:00,513.0
2025-10-04 21:00:00,507.0
2025-10-04 22:00:00,515.0
2025-10-04 23:00:00,514.0
2025-10-05 00:00:00,499.0
2025-10-05 01:00:00,491.0
2025-10-05 02:00:00,498.0
2025-10-05 03:00:00,486.0
2025-10-05 04:00:00,485.0
2025-10-05 05:00:00,484.0
2025-10-05 06:00:00,491.0
2025-10-05 07:00:00,516.0
2025-10-05 08:00:00,485.0
2025-10-05 09:00:00,501.0
2025-10-05 10:00:00,484.0
2025-10-05 11:00:00,500.0
2025-10-05 12:00:00,497.0
2025-10-05 13:00:00,515.0
2025-10-05 14:00:00,520.0
2025-10-05 15:00:00,514.0
2025-10-05 16:00:00,510.0
2025-10-05 17:00:00,501.0
2025-10-05 18:00:00,512.0
2025-10-05 19:00:00,511.0
2025-10-05 20:00:00,507.0
2025-10-05 21:00:00,497.0
2025-10-05 22:00:00,506.0
2025-10-05 23:00:00,501.0
2025-10-06 00:00:00,496.0
2025-10-06 01:00:00,489.0
2025-10-06 02:00:00,499.0
2025-10-06 03:00:00,482.0
2025-10-06 04:00:00,479.0
2025-10-06 05:00:00,483.0
2025-10-06 06:00:00,504.0
2025-10-06 07:00:00,494.0
2025-10-06 08:00:00,476.0
2025-10-06 09:00:00,480.0
2025-10-06 10:00:00,495.0
2025-10-06 11:00:00,497.0
2025-10-06 12:00:00,503.0
2025-10-06 13:00:00,509.0
2025-10-06 14:00:00,517.0
2025-10-06 15:00:00,518.0
2025-10-06 16:00:00,545.0
2025-10-06 17:00:00,520.0
2025-10-06 18:00:00,517.0
2025-10-06 19:00:00,516.0
2025-10-06 20:00:00,513.0
2025-10-06 21:00:00,505.0
2025-10-06 22:00:00,515.0
2025-10-06 23:00:00,517.0
2025-10-07 00:00:00,501.0
2025-10-07 01:00:00,494.0
2025-10-07 02:00:00,489.0
2025-10-07 03:00:00,495.0
2025-10-07 04:00:00,493.0
2025-10-07 05:00:00,499.0
2025-10-07 06:00:00,500.0
2025-10-07 07:00:00,525.0
2025-10-07 08:00:00,499.0
2025-10-07 09:00:00,523.0
2025-10-07 10:00:00,490.0
2025-10-07 11:00:00,499.0
2025-10-07 12:00:00,515.0
2025-10-07 13:00:00,518.0
2025-10-07 14:00:00,512.0
2025-10-07 15:00:00,514.0
2025-10-07 16:00:00,513.0
2025-10-07 17:00:00,515.0
2025-10-07 18:00:00,517.0
2025-10-07 19:00:00,509.0
2025-10-07 20:00:00,513.0
2025-10-07 21:00:00,512.0
2025-10-07 22:00:00,507.0
2025-10-07 23:00:00,495.0
2025-10-08 00:00:00,501.0
2025-10-08 01:00:00,495.0
2025-10-08 02:00:00,491.0
2025-10-08 03:00:00,502.0
2025-10-08 04:00:00,498.0
2025-10-08 05:00:00,498.0
2025-10-08 06:00:00,518.0
2025-10-08 07:00:00,518.0
2025-10-08 08:00:00,512.0
2025-10-08 09:00:00,501.0
2025-10-08 10:00:00,487.0
2025-10-08 11:00:00,511.0
2025-10-08 12:00:00,515.0
2025-10-08 13:00:00,519.0
2025-10-08 14:00:00,517.0
2025-10-08 15:00:00,513.0
2025-10-08 16:00:00,502.0
2025-10-08 17:00:00,505.0
2025-10-08 18:00:00,502.0
2025-10-08 19:00:00,492.0
2025-10-08 20:00:00,487.0
2025-10-08 21:00:00,490.0
2025-10-08 22:00:00,490.0
2025-10-08 23:00:00,490.0
2025-10-09 00:00:00,485.0
2025-10-09 01:00:00,474.0
2025-10-09 02:00:00,465.0
2025-10-09 03:00:00,484.0
2025-10-09 04:00:00,495.0
2025-10-09 05:00:00,476.0
2025-10-09 06:00:00,474.0
2025-10-09 07:00:00,467.0
2025-10-09 08:00:00,490.0
2025-10-09 09:00:00,489.0
2025-10-09 10:00:00,506.0
2025-10-09 11:00:00,479.0
2025-10-09 12:00:00,480.0
2025-10-09 13:00:00,469.0
2025-10-09 14:00:00,483.0
2025-10-09 15:00:00,465.0
2025-10-09 16:00:00,495.0
2025-10-09 17:00:00,1058.0
2025-10-09 18:00:00,504.0
2025-10-09 19:00:00,488.0
2025-10-09 20:00:00,472.0
2025-10-09 21:00:00,483.0
2025-10-09 22:00:00,473.0
2025-10-09 23:00:00,471.0
2025-10-10 00:00:00,469.0
2025-10-10 01:00:00,465.0
2025-10-10 02:00:00,462.0
2025-10-10 03:00:00,501.0
2025-10-10 04:00:00,472.0
2025-10-10 05:00:00,480.0
2025-10-10 06:00:00,481.0
2025-10-10 07:00:00,483.0
2025-10-10 08:00:00,575.0
2025-10-10 09:00:00,508.0
2025-10-10 10:00:00,492.0
2025-10-10 11:00:00,494.0
2025-10-10 12:00:00,503.0
2025-10-10 13:00:00,480.0
2025-10-10 14:00:00,462.0
2025-10-10 15:00:00,472.0
2025-10-10 16:00:00,685.0
2025-10-10 17:00:00,504.0
2025-10-10 18:00:00,470.0
2025-10-10 19:00:00,464.0
2025-10-10 20:00:00,481.0
2025-10-10 21:00:00,485.0
2025-10-10 22:00:00,474.0
2025-10-10 23:00:00,478.0
2025-10-11 00:00:00,483.0
2025-10-11 01:00:00,472.0
2025-10-11 02:00:00,468.0
2025-10-11 03:00:00,498.0
2025-10-11 04:00:00,488.0
2025-10-11 05:00:00,478.0
2025-10-11 06:00:00,471.0
2025-10-11 07:00:00,498.0
2025-10-11 08:00:00,484.0
2025-10-11 09:00:00,516.0
2025-10-11 10:00:00,508.0
2025-10-11 11:00:00,523.0
2025-10-11 12:00:00,502.0
2025-10-11 13:00:00,491.0
2025-10-11 14:00:00,516.0
2025-10-11 15:00:00,485.0
2025-10-11 16:00:00,486.0
2025-10-11 17:00:00,475.0
2025-10-11 18:00:00,475.0
2025-10-11 19:00:00,573.0
2025-10-11 20:00:00,475.0
2025-10-11 21:00:00,486.0
2025-10-11 22:00:00,485.0
2025-10-11 23:00:00,474.0
2025-10-12 00:00:00,480.0
2025-10-12 01:00:00,484.0
2025-10-12 02:00:00,475.0
2025-10-12 03:00:00,489.0
2025-10-12 04:00:00,469.0
2025-10-12 05:00:00,477.0
2025-10-12 06:00:00,494.0
2025-10-12 07:00:00,472.0
2025-10-12 08:00:00,483.0
2025-10-12 09:00:00,507.0
2025-10-12 10:00:00,504.0
2025-10-12 11:00:00,485.0
2025-10-12 12:00:00,514.0
2025-10-12 13:00:00,508.0
2025-10-12 14:00:00,508.0
2025-10-12 15:00:00,511.0
2025-10-12 16:00:00,513.0
2025-10-12 17:00:00,508.0
2025-10-12 18:00:00,507.0
2025-10-12 19:00:00,493.0
2025-10-12 20:00:00,499.0
2025-10-12 21:00:00,486.0
2025-10-12 22:00:00,489.0
2025-10-12 23:00:00,482.0
2025-10-13 00:00:00,484.0
2025-10-13 01:00:00,491.0
2025-10-13 02:00:00,484.0
2025-10-13 03:00:00,489.0
2025-10-13 04:00:00,492.0
2025-10-13 05:00:00,487.0
2025-10-13 06:00:00,497.0
2025-10-13 07:00:00,465.0
2025-10-13 08:00:00,461.0
2025-10-13 09:00:00,502.0
2025-10-13 10:00:00,521.0
2025-10-13 11:00:00,480.0
2025-10-13 12:00:00,504.0
2025-10-13 13:00:00,484.0
2025-10-13 14:00:00,497.0
2025-10-13 15:00:00,503.0
2025-10-13 16:00:00,789.0
2025-10-13 17:00:00,525.0
2025-10-13 18:00:00,499.0
2025-10-13 19:00:00,475.0
2025-10-13 20:00:00,471.0
2025-10-13 21:00:00,485.0
2025-10-13 22:00:00,487.0
2025-10-13 23:00:00,476.0
2025-10-14 00:00:00,481.0
2025-10-14 01:00:00,484.0
2025-10-14 02:00:00,489.0
2025-10-14 03:00:00,498.0
2025-10-14 04:00:00,504.0
2025-10-14 05:00:00,479.0
2025-10-14 06:00:00,501.0
2025-10-14 07:00:00,483.0
2025-10-14 08:00:00,502.0
2025-10-14 09:00:00,504.0
2025-10-14 10:00:00,503.0
2025-10-14 11:00:00,522.0
2025-10-14 12:00:00,519.0
2025-10-14 13:00:00,487.0
2025-10-14 14:00:00,496.0
2025-10-14 15:00:00,511.0
2025-10-14 16:00:00,492.0
2025-10-14 17:00:00,486.0
2025-10-14 18:00:00,495.0
2025-10-14 19:00:00,482.0
2025-10-14 20:00:00,491.0
2025-10-14 21:00:00,497.0
2025-10-14 22:00:00,498.0
2025-10-14 23:00:00,481.0
2025-10-15 00:00:00,481.0
2025-10-15 01:00:00,484.0
2025-10-15 02:00:00,488.0
2025-10-15 03:00:00,492.0
2025-10-15 04:00:00,498.0
2025-10-15 05:00:00,481.0
2025-10-15 06:00:00,493.0
2025-10-15 07:00:00,478.0
2025-10-15 08:00:00,468.0
2025-10-15 09:00:00,518.0
2025-10-15 10:00:00,508.0
2025-10-15 11:00:00,496.0
2025-10-15 12:00:00,512.0
2025-10-15 13:00:00,501.0
2025-10-15 14:00:00,510.0
2025-10-15 15:00:00,496.0
2025-10-15 16:00:00,496.0
2025-10-15 17:00:00,481.0
2025-10-15 18:00:00,507.0
2025-10-15 19:00:00,476.0
2025-10-15 20:00:00,489.0
2025-10-15 21:00:00,489.0
2025-10-15 22:00:00,484.0
2025-10-15 23:00:00,491.0
2025-10-16 00:00:00,499.0
2025-10-16 01:00:00,486.0
2025-10-16 02:00:00,476.0
2025-10-16 03:00:00,481.0
2025-10-16 04:00:00,503.0
2025-10-16 05:00:00,476.0
2025-10-16 06:00:00,489.0
2025-10-16 07:00:00,489.0
2025-10-16 08:00:00,497.0
2025-10-16 09:00:00,507.0
2025-10-16 10:00:00,529.0
2025-10-16 11:00:00,479.0
2025-10-16 12:00:00,518.0
2025-10-16 13:00:00,508.0
2025-10-16 14:00:00,496.0
2025-10-16 15:00:00,494.0
2025-10-16 16:00:00,507.0
2025-10-16 17:00:00,504.0
2025-10-16 18:00:00,494.0
2025-10-16 19:00:00,490.0
2025-10-16 20:00:00,488.0
2025-10-16 21:00:00,490.0
2025-10-16 22:00:00,471.0
2025-10-16 23:00:00,476.0
2025-10-17 00:00:00,492.0
2025-10-17 01:00:00,479.0
2025-10-17 02:00:00,483.0
2025-10-17 03:00:00,479.0
2025-10-17 04:00:00,499.0
2025-10-17 05:00:00,497.0
2025-10-17 06:00:00,504.0
2025-10-17 07:00:00,477.0
2025-10-17 08:00:00,479.0
2025-10-17 09:00:00,500.0
2025-10-17 10:00:00,517.0
2025-10-17 11:00:00,509.0
2025-10-17 12:00:00,516.0
2025-10-17 13:00:00,497.0
2025-10-17 14:00:00,488.0
2025-10-17 15:00:00,480.0
2025-10-17 16:00:00,498.0
2025-10-17 17:00:00,482.0
2025-10-17 18:00:00,495.0
2025-10-17 19:00:00,481.0
2025-10-17 20:00:00,478.0
2025-10-17 21:00:00,505.0
2025-10-17 22:00:00,495.0
2025-10-17 23:00:00,494.0
2025-10-18 00:00:00,485.0
2025-10-18 01:00:00,478.0
2025-10-18 02:00:00,488.0
2025-10-18 03:00:00,478.0
2025-10-18 04:00:00,489.0
2025-10-18 05:00:00,476.0
2025-10-18 06:00:00,479.0
2025-10-18 07:00:00,514.0
2025-10-18 08:00:00,502.0
2025-10-18 09:00:00,492.0
2025-10-18 10:00:00,507.0
2025-10-18 11:00:00,520.0
2025-10-18 12:00:00,509.0
2025-10-18 13:00:00,514.0
2025-10-18 14:00:00,507.0
2025-10-18 15:00:00,500.0
2025-10-18 16:00:00,501.0
2025-10-18 17:00:00,510.0
2025-10-18 18:00:00,506.0
2025-10-18 19:00:00,504.0
2025-10-18 20:00:00,496.0
2025-10-18 21:00:00,505.0
2025-10-18 22:00:00,492.0
2025-10-18 23:00:00,489.0
2025-10-19 00:00:00,484.0
2025-10-19 01:00:00,498.0
2025-10-19 02:00:00,476.0
2025-10-19 03:00:00,489.0
2025-10-19 04:00:00,478.0
2025-10-19 05:00:00,494.0
2025-10-19 06:00:00,499.0
2025-10-19 07:00:00,485.0
2025-10-19 08:00:00,499.0
2025-10-19 09:00:00,491.0
2025-10-19 10:00:00,515.0
2025-10-19 11:00:00,515.0
2025-10-19 12:00:00,495.0
2025-10-19 13:00:00,507.0
2025-10-19 14:00:00,509.0
2025-10-19 15:00:00,511.0
2025-10-19 16:00:00,519.0
2025-10-19 17:00:00,514.0
2025-10-19 18:00:00,513.0
2025-10-19 19:00:00,504.0
2025-10-19 20:00:00,503.0
2025-10-19 21:00:00,503.0
2025-10-19 22:00:00,504.0
2025-10-19 23:00:00,504.0
2025-10-20 00:00:00,497.0
2025-10-20 01:00:00,470.0
2025-10-20 02:00:00,482.0
2025-10-20 03:00:00,479.0
2025-10-20 04:00:00,507.0
2025-10-20 05:00:00,488.0
2025-10-20 06:00:00,496.0
2025-10-20 07:00:00,506.0
2025-10-20 08:00:00,493.0
2025-10-20 09:00:00,505.0
2025-10-20 10:00:00,528.0
2025-10-20 11:00:00,512.0
2025-10-20 12:00:00,483.0
2025-10-20 13:00:00,516.0
2025-10-20 14:00:00,504.0
2025-10-20 15:00:00,481.0
2025-10-20 16:00:00,511.0
2025-10-20 17:00:00,477.0
2025-10-20 18:00:00,498.0
2025-10-20 19:00:00,492.0
2025-10-20 20:00:00,481.0
2025-10-20 21:00:00,485.0
2025-10-20 22:00:00,483.0
2025-10-20 23:00:00,492.0
2025-10-21 00:00:00,476.0
2025-10-21 01:00:00,483.0
2025-10-21 02:00:00,482.0
2025-10-21 03:00:00,476.0
2025-10-21 04:00:00,503.0
2025-10-21 05:00:00,480.0
2025-10-21 06:00:00,512.0
2025-10-21 07:00:00,509.0
2025-10-21 08:00:00,498.0
2025-10-21 09:00:00,517.0
2025-10-21 10:00:00,600.0
2025-10-21 11:00:00,521.0
2025-10-21 12:00:00,502.0
2025-10-21 13:00:00,509.0
2025-10-21 14:00:00,503.0
2025-10-21 15:00:00,491.0
2025-10-21 16:00:00,511.0
2025-10-21 17:00:00,500.0
2025-10-21 18:00:00,489.0
2025-10-21 19:00:00,492.0
2025-10-21 20:00:00,492.0
2025-10-21 21:00:00,493.0
2025-10-21 22:00:00,484.0
2025-10-21 23:00:00,470.0
2025-10-22 00:00:00,479.0
2025-10-22 01:00:00,473.0
2025-10-22 02:00:00,482.0
2025-10-22 03:00:00,488.0
2025-10-22 04:00:00,871.0
2025-10-22 05:00:00,1144.0
2025-10-22 06:00:00,1242.0
2025-10-22 07:00:00,772.0
2025-10-22 08:00:00,571.0
2025-10-22 09:00:00,523.0
2025-10-22 10:00:00,532.0
2025-10-22 11:00:00,495.0
2025-10-22 12:00:00,504.0
2025-10-22 13:00:00,510.0
2025-10-22 14:00:00,493.0
2025-10-22 15:00:00,494.0
2025-10-22 16:00:00,510.0
2025-10-22 17:00:00,472.0
2025-10-22 18:00:00,501.0
2025-10-22 19:00:00,484.0
2025-10-22 20:00:00,484.0
2025-10-22 21:00:00,501.0
2025-10-22 22:00:00,472.0
2025-10-22 23:00:00,478.0
2025-10-23 00:00:00,497.0
2025-10-23 01:00:00,497.0
2025-10-23 02:00:00,1041.0
2025-10-23 03:00:00,526.0
2025-10-23 04:00:00,534.0
2025-10-23 05:00:00,533.0
2025-10-23 06:00:00,521.0
2025-10-23 07:00:00,518.0
2025-10-23 08:00:00,534.0
2025-10-23 09:00:00,542.0
2025-10-23 10:00:00,551.0
2025-10-23 11:00:00,514.0
2025-10-23 12:00:00,531.0
2025-10-23 13:00:00,498.0
2025-10-23 14:00:00,494.0
2025-10-23 15:00:00,509.0
2025-10-23 16:00:00,493.0
2025-10-23 17:00:00,512.0
2025-10-23 18:00:00,483.0
2025-10-23 19:00:00,490.0
2025-10-23 20:00:00,466.0
2025-10-23 21:00:00,498.0
2025-10-23 22:00:00,494.0
2025-10-23 23:00:00,483.0
2025-10-24 00:00:00,481.0
2025-10-24 01:00:00,491.0
2025-10-24 02:00:00,487.0
2025-10-24 03:00:00,493.0
2025-10-24 04:00:00,502.0
2025-10-24 05:00:00,534.0
2025-10-24 06:00:00,531.0
2025-10-24 07:00:00,525.0
2025-10-24 08:00:00,527.0
2025-10-24 09:00:00,532.0
2025-10-24 10:00:00,511.0
2025-10-24 11:00:00,492.0
2025-10-24 12:00:00,525.0
2025-10-24 13:00:00,493.0
2025-10-24 14:00:00,522.0
2025-10-24 15:00:00,481.0
2025-10-24 16:00:00,499.0
2025-10-24 17:00:00,484.0
2025-10-24 18:00:00,491.0
2025-10-24 19:00:00,473.0
2025-10-24 20:00:00,505.0
2025-10-24 21:00:00,488.0
2025-10-24 22:00:00,475.0
2025-10-24 23:00:00,478.0
2025-10-25 00:00:00,482.0
2025-10-25 01:00:00,483.0
2025-10-25 02:00:00,499.0
2025-10-25 03:00:00,484.0
2025-10-25 04:00:00,489.0
2025-10-25 05:00:00,496.0
2025-10-25 06:00:00,495.0
2025-10-25 07:00:00,526.0
2025-10-25 08:00:00,492.0
2025-10-25 09:00:00,494.0
2025-10-25 10:00:00,531.0
2025-10-25 11:00:00,530.0
2025-10-25 12:00:00,525.0
2025-10-25 13:00:00,519.0
2025-10-25 14:00:00,518.0
2025-10-25 15:00:00,516.0
2025-10-25 16:00:00,517.0
2025-10-25 17:00:00,515.0
2025-10-25 18:00:00,511.0
2025-10-25 19:00:00,515.0
2025-10-25 20:00:00,514.0
2025-10-25 21:00:00,508.0
2025-10-25 22:00:00,519.0
2025-10-25 23:00:00,511.0
2025-10-26 00:00:00,511.0
2025-10-26 01:00:00,503.0
2025-10-26 02:00:00,519.0
2025-10-26 03:00:00,508.0
2025-10-26 04:00:00,515.0
2025-10-26 05:00:00,526.0
2025-10-26 06:00:00,527.0
2025-10-26 07:00:00,540.0
2025-10-26 08:00:00,483.0
2025-10-26 09:00:00,490.0
2025-10-26 10:00:00,493.0
2025-10-26 11:00:00,518.0
2025-10-26 12:00:00,519.0
2025-10-26 13:00:00,517.0
2025-10-26 14:00:00,512.0
2025-10-26 15:00:00,516.0
2025-10-26 16:00:00,518.0
2025-10-26 17:00:00,519.0
2025-10-26 18:00:00,515.0
2025-10-26 19:00:00,514.0
2025-10-26 20:00:00,510.0
2025-10-26 21:00:00,512.0
2025-10-26 22:00:00,509.0
2025-10-26 23:00:00,508.0
2025-10-27 00:00:00,505.0
2025-10-27 01:00:00,500.0
2025-10-27 02:00:00,474.0
2025-10-27 03:00:00,489.0
2025-10-27 04:00:00,502.0
2025-10-27 05:00:00,499.0
2025-10-27 06:00:00,510.0
2025-10-27 07:00:00,527.0
2025-10-27 08:00:00,507.0
2025-10-27 09:00:00,523.0
2025-10-27 10:00:00,518.0
2025-10-27 11:00:00,507.0
2025-10-27 12:00:00,524.0
2025-10-27 13:00:00,517.0
2025-10-27 14:00:00,488.0
2025-10-27 15:00:00,488.0
2025-10-27 16:00:00,502.0
2025-10-27 17:00:00,496.0
2025-10-27 18:00:00,486.0
2025-10-27 19:00:00,490.0
2025-10-27 20:00:00,488.0
2025-10-27 21:00:00,482.0
2025-10-27 22:00:00,503.0
2025-10-27 23:00:00,479.0
2025-10-28 00:00:00,497.0
2025-10-28 01:00:00,471.0
2025-10-28 02:00:00,607.0
2025-10-28 03:00:00,968.0
2025-10-28 04:00:00,547.0
2025-10-28 05:00:00,557.0
2025-10-28 06:00:00,550.0
2025-10-28 07:00:00,527.0
2025-10-28 08:00:00,503.0
2025-10-28 09:00:00,519.0
2025-10-28 10:00:00,532.0
2025-10-28 11:00:00,504.0
2025-10-28 12:00:00,503.0
2025-10-28 13:00:00,516.0
2025-10-28 14:00:00,503.0
2025-10-28 15:00:00,505.0
2025-10-28 16:00:00,504.0
2025-10-28 17:00:00,504.0
2025-10-28 18:00:00,498.0
2025-10-28 19:00:00,487.0
2025-10-28 20:00:00,522.0
2025-10-28 21:00:00,500.0
2025-10-28 22:00:00,507.0
2025-10-28 23:00:00,489.0
2025-10-29 00:00:00,498.0
2025-10-29 01:00:00,495.0
2025-10-29 02:00:00,495.0
2025-10-29 03:00:00,509.0
2025-10-29 04:00:00,527.0
2025-10-29 05:00:00,531.0
2025-10-29 06:00:00,506.0
2025-10-29 07:00:00,527.0
2025-10-29 08:00:00,505.0
2025-10-29 09:00:00,510.0
2025-10-29 10:00:00,527.0
2025-10-29 11:00:00,499.0
2025-10-29 12:00:00,510.0
2025-10-29 13:00:00,496.0
2025-10-29 14:00:00,514.0
2025-10-29 15:00:00,522.0
2025-10-29 16:00:00,492.0
2025-10-29 17:00:00,500.0
2025-10-29 18:00:00,497.0
2025-10-29 19:00:00,487.0
2025-10-29 20:00:00,496.0
2025-10-29 21:00:00,505.0
2025-10-29 22:00:00,486.0
2025-10-29 23:00:00,508.0
2025-10-30 00:00:00,484.0
2025-10-30 01:00:00,498.0
2025-10-30 02:00:00,479.0
2025-10-30 03:00:00,495.0
2025-10-30 04:00:00,523.0
2025-10-30 05:00:00,535.0
2025-10-30 06:00:00,532.0
2025-10-30 07:00:00,542.0
2025-10-30 08:00:00,494.0
2025-10-30 09:00:00,494.0
2025-10-30 10:00:00,495.0
2025-10-30 11:00:00,495.0
2025-10-30 12:00:00,517.0
2025-10-30 13:00:00,512.0
2025-10-30 14:00:00,470.0
2025-10-30 15:00:00,507.0
2025-10-30 16:00:00,486.0
2025-10-30 17:00:00,493.0
2025-10-30 18:00:00,487.0
2025-10-30 19:00:00,499.0
2025-10-30 20:00:00,486.0
2025-10-30 21:00:00,491.0
2025-10-30 22:00:00,490.0
2025-10-30 23:00:00,496.0
2025-10-31 00:00:00,495.0
2025-10-31 01:00:00,489.0
2025-10-31 02:00:00,530.0
2025-10-31 03:00:00,489.0
2025-10-31 04:00:00,503.0
2025-10-31 05:00:00,506.0
2025-10-31 06:00:00,515.0
2025-10-31 07:00:00,531.0
2025-10-31 08:00:00,538.0
2025-10-31 09:00:00,515.0
2025-10-31 10:00:00,526.0
2025-10-31 11:00:00,523.0
2025-10-31 12:00:00,521.0
2025-10-31 13:00:00,503.0
2025-10-31 14:00:00,507.0
2025-10-31 15:00:00,489.0
2025-10-31 16:00:00,477.0
2025-10-31 17:00:00,507.0
2025-10-31 18:00:00,506.0
2025-10-31 19:00:00,477.0
2025-10-31 20:00:00,483.0
2025-10-31 21:00:00,494.0
2025-10-31 22:00:00,481.0
2025-10-31 23:00:00,501.0
2025-11-01 00:00:00,503.0
2025-11-01 01:00:00,505.0
2025-11-01 02:00:00,495.0
2025-11-01 03:00:00,505.0
2025-11-01 04:00:00,505.0
2025-11-01 05:00:00,512.0
2025-11-01 06:00:00,537.0
2025-11-01 07:00:00,1437.0
2025-11-01 08:00:00,1121.0
2025-11-01 09:00:00,539.0
2025-11-01 10:00:00,535.0
2025-11-01 11:00:00,556.0
2025-11-01 12:00:00,565.0
2025-11-01 13:00:00,560.0
2025-11-01 14:00:00,542.0
2025-11-01 15:00:00,552.0
2025-11-01 16:00:00,551.0
2025-11-01 17:00:00,546.0
2025-11-01 18:00:00,822.0
2025-11-01 19:00:00,659.0
2025-11-01 20:00:00,1014.0
2025-11-01 21:00:00,590.0
2025-11-01 22:00:00,552.0
2025-11-01 23:00:00,556.0
2025-11-02 00:00:00,545.0
2025-11-02 01:00:00,540.0
2025-11-02 02:00:00,536.0
2025-11-02 03:00:00,557.0
2025-11-02 04:00:00,559.0
2025-11-02 05:00:00,646.0
2025-11-02 06:00:00,889.0
2025-11-02 07:00:00,1103.0
2025-11-02 08:00:00,1284.0
2025-11-02 09:00:00,619.0
2025-11-02 10:00:00,1213.0
2025-11-02 11:00:00,1209.0
2025-11-02 12:00:00,721.0
2025-11-02 13:00:00,644.0
2025-11-02 14:00:00,630.0
2025-11-02 15:00:00,605.0
2025-11-02 16:00:00,618.0
2025-11-02 17:00:00,611.0
2025-11-02 18:00:00,578.0
2025-11-02 19:00:00,568.0
2025-11-02 20:00:00,557.0
2025-11-02 21:00:00,556.0
2025-11-02 22:00:00,549.0
2025-11-02 23:00:00,542.0
2025-11-03 00:00:00,543.0
2025-11-03 01:00:00,542.0
2025-11-03 02:00:00,539.0
2025-11-03 03:00:00,565.0
2025-11-03 04:00:00,590.0
2025-11-03 05:00:00,574.0
2025-11-03 06:00:00,581.0
2025-11-03 07:00:00,551.0
2025-11-03 08:00:00,547.0
2025-11-03 09:00:00,560.0
2025-11-03 10:00:00,546.0
2025-11-03 11:00:00,554.0
2025-11-03 12:00:00,538.0
2025-11-03 13:00:00,539.0
2025-11-03 14:00:00,536.0
2025-11-03 15:00:00,522.0
2025-11-03 16:00:00,511.0
2025-11-03 17:00:00,523.0
2025-11-03 18:00:00,523.0
2025-11-03 19:00:00,513.0
2025-11-03 20:00:00,519.0
2025-11-03 21:00:00,511.0
2025-11-03 22:00:00,518.0
2025-11-03 23:00:00,513.0
2025-11-04 00:00:00,510.0
2025-11-04 01:00:00,507.0
2025-11-04 02:00:00,511.0
2025-11-04 03:00:00,543.0
2025-11-04 04:00:00,551.0
2025-11-04 05:00:00,548.0
2025-11-04 06:00:00,547.0
2025-11-04 07:00:00,542.0
2025-11-04 08:00:00,529.0
2025-11-04 09:00:00,518.0
2025-11-04 10:00:00,543.0
2025-11-04 11:00:00,538.0
2025-11-04 12:00:00,521.0
2025-11-04 13:00:00,519.0
2025-11-04 14:00:00,512.0
2025-11-04 15:00:00,514.0
2025-11-04 16:00:00,505.0
2025-11-04 17:00:00,507.0
2025-11-04 18:00:00,498.0
2025-11-04 19:00:00,522.0
2025-11-04 20:00:00,490.0
2025-11-04 21:00:00,496.0
2025-11-04 22:00:00,504.0
2025-11-04 23:00:00,502.0
2025-11-05 00:00:00,500.0
2025-11-05 01:00:00,498.0
2025-11-05 02:00:00,497.0
2025-11-05 03:00:00,502.0
2025-11-05 04:00:00,508.0
2025-11-05 05:00:00,557.0
2025-11-05 06:00:00,1223.0
2025-11-05 07:00:00,1084.0
2025-11-05 08:00:00,923.0
2025-11-05 09:00:00,602.0
2025-11-05 10:00:00,542.0
2025-11-05 11:00:00,548.0
2025-11-05 12:00:00,538.0
2025-11-05 13:00:00,531.0
2025-11-05 14:00:00,540.0
2025-11-05 15:00:00,535.0
2025-11-05 16:00:00,531.0
2025-11-05 17:00:00,517.0
2025-11-05 18:00:00,517.0
2025-11-05 19:00:00,502.0
2025-11-05 20:00:00,504.0
2025-11-05 21:00:00,509.0
2025-11-05 22:00:00,500.0
2025-11-05 23:00:00,513.0
2025-11-06 00:00:00,504.0
2025-11-06 01:00:00,505.0
2025-11-06 02:00:00,505.0
2025-11-06 03:00:00,536.0
2025-11-06 04:00:00,528.0
2025-11-06 05:00:00,543.0
2025-11-06 06:00:00,541.0
2025-11-06 07:00:00,507.0
2025-11-06 08:00:00,525.0
2025-11-06 09:00:00,522.0
2025-11-06 10:00:00,507.0
2025-11-06 11:00:00,530.0
2025-11-06 12:00:00,507.0
2025-11-06 13:00:00,497.0
2025-11-06 14:00:00,545.0
2025-11-06 15:00:00,510.0
2025-11-06 16:00:00,665.0
2025-11-06 17:00:00,622.0
2025-11-06 18:00:00,625.0
2025-11-06 19:00:00,522.0
2025-11-06 20:00:00,510.0
2025-11-06 21:00:00,515.0
2025-11-06 22:00:00,741.0
2025-11-06 23:00:00,617.0
2025-11-07 00:00:00,510.0
2025-11-07 01:00:00,510.0
2025-11-07 02:00:00,510.0
2025-11-07 03:00:00,512.0
2025-11-07 04:00:00,537.0
2025-11-07 05:00:00,540.0
2025-11-07 06:00:00,545.0
2025-11-07 07:00:00,535.0
2025-11-07 08:00:00,523.0
2025-11-07 09:00:00,528.0
2025-11-07 10:00:00,511.0
2025-11-07 11:00:00,510.0
2025-11-07 12:00:00,500.0
2025-11-07 13:00:00,505.0
2025-11-07 14:00:00,489.0
2025-11-07 15:00:00,494.0
2025-11-07 16:00:00,495.0
2025-11-07 17:00:00,491.0
2025-11-07 18:00:00,502.0
2025-11-07 19:00:00,522.0
2025-11-07 20:00:00,488.0
2025-11-07 21:00:00,498.0
2025-11-07 22:00:00,502.0
2025-11-07 23:00:00,512.0
2025-11-08 00:00:00,507.0
2025-11-08 01:00:00,503.0
2025-11-08 02:00:00,493.0
2025-11-08 03:00:00,507.0
2025-11-08 04:00:00,508.0
2025-11-08 05:00:00,508.0
2025-11-08 06:00:00,506.0
2025-11-08 07:00:00,519.0
2025-11-08 08:00:00,525.0
2025-11-08 09:00:00,575.0
2025-11-08 10:00:00,527.0
2025-11-08 11:00:00,541.0
2025-11-08 12:00:00,544.0
2025-11-08 13:00:00,529.0
2025-11-08 14:00:00,525.0
2025-11-08 15:00:00,529.0
2025-11-08 16:00:00,527.0
2025-11-08 17:00:00,532.0
2025-11-08 18:00:00,540.0
2025-11-08 19:00:00,544.0
2025-11-08 20:00:00,545.0
2025-11-08 21:00:00,552.0
2025-11-08 22:00:00,545.0
2025-11-08 23:00:00,546.0
2025-11-09 00:00:00,541.0
2025-11-09 01:00:00,575.0
2025-11-09 02:00:00,552.0
2025-11-09 03:00:00,532.0
2025-11-09 04:00:00,547.0
2025-11-09 05:00:00,543.0
2025-11-09 06:00:00,540.0
2025-11-09 07:00:00,535.0
2025-11-09 08:00:00,654.0
2025-11-09 09:00:00,514.0
2025-11-09 10:00:00,529.0
2025-11-09 11:00:00,537.0
2025-11-09 12:00:00,534.0
2025-11-09 13:00:00,522.0
2025-11-09 14:00:00,519.0
2025-11-09 15:00:00,520.0
2025-11-09 16:00:00,534.0
2025-11-09 17:00:00,552.0
2025-11-09 18:00:00,552.0
2025-11-09 19:00:00,560.0
2025-11-09 20:00:00,543.0
2025-11-09 21:00:00,536.0
2025-11-09 22:00:00,530.0
2025-11-09 23:00:00,523.0
2025-11-10 00:00:00,522.0
2025-11-10 01:00:00,517.0
2025-11-10 02:00:00,498.0
2025-11-10 03:00:00,503.0
2025-11-10 04:00:00,527.0
2025-11-10 05:00:00,525.0
2025-11-10 06:00:00,517.0
2025-11-10 07:00:00,518.0
2025-11-10 08:00:00,502.0
2025-11-10 09:00:00,503.0
2025-11-10 10:00:00,500.0
2025-11-10 11:00:00,500.0
2025-11-10 12:00:00,484.0
2025-11-10 13:00:00,507.0
2025-11-10 14:00:00,500.0
2025-11-10 15:00:00,472.0
2025-11-10 16:00:00,489.0
2025-11-10 17:00:00,480.0
2025-11-10 18:00:00,500.0
2025-11-10 19:00:00,482.0
2025-11-10 20:00:00,488.0
2025-11-10 21:00:00,493.0
2025-11-10 22:00:00,492.0
2025-11-10 23:00:00,474.0
2025-11-11 00:00:00,481.0
2025-11-11 01:00:00,487.0
2025-11-11 02:00:00,489.0
2025-11-11 03:00:00,478.0
2025-11-11 04:00:00,495.0
2025-11-11 05:00:00,487.0
2025-11-11 06:00:00,510.0
2025-11-11 07:00:00,473.0
2025-11-11 08:00:00,507.0
2025-11-11 09:00:00,497.0
2025-11-11 10:00:00,489.0
2025-11-11 11:00:00,492.0
2025-11-11 12:00:00,485.0
2025-11-11 13:00:00,512.0
2025-11-11 14:00:00,530.0
2025-11-11 15:00:00,571.0
2025-11-11 16:00:00,613.0
2025-11-11 17:00:00,655.0
2025-11-11 18:00:00,696.0
2025-11-11 19:00:00,738.0
2025-11-11 20:00:00,780.0
2025-11-11 21:00:00,821.0
2025-11-11 22:00:00,863.0
2025-11-11 23:00:00,905.0
2025-11-12 00:00:00,946.0
2025-11-12 01:00:00,988.0
2025-11-12 02:00:00,1030.0
2025-11-12 03:00:00,1071.0
2025-11-12 04:00:00,1113.0
2025-11-12 05:00:00,1155.0
2025-11-12 06:00:00,1196.0
2025-11-12 07:00:00,1238.0
2025-11-12 08:00:00,1238.0
2025-11-12 09:00:00,717.0
2025-11-12 10:00:00,560.0
2025-11-12 11:00:00,1233.0
2025-11-12 12:00:00,591.0
2025-11-12 13:00:00,561.0
2025-11-12 14:00:00,525.0
2025-11-12 15:00:00,550.0
2025-11-12 16:00:00,530.0
2025-11-12 17:00:00,536.0
2025-11-12 18:00:00,530.0
2025-11-12 19:00:00,545.0
2025-11-12 20:00:00,537.0
2025-11-12 21:00:00,522.0
2025-11-12 22:00:00,530.0
2025-11-12 23:00:00,519.0
2025-11-13 00:00:00,509.0
2025-11-13 01:00:00,510.0
2025-11-13 02:00:00,522.0
2025-11-13 03:00:00,554.0
2025-11-13 04:00:00,546.0
2025-11-13 05:00:00,582.0
2025-11-13 06:00:00,515.0
2025-11-13 07:00:00,524.0
2025-11-13 08:00:00,514.0
2025-11-13 09:00:00,495.0
2025-11-13 10:00:00,519.0
2025-11-13 11:00:00,489.0
2025-11-13 12:00:00,515.0
2025-11-13 13:00:00,479.0
2025-11-13 14:00:00,497.0
2025-11-13 15:00:00,488.0
2025-11-13 16:00:00,492.0
2025-11-13 17:00:00,477.0
2025-11-13 18:00:00,492.0
2025-11-13 19:00:00,494.0
2025-11-13 20:00:00,499.0
2025-11-13 21:00:00,491.0
2025-11-13 22:00:00,500.0
2025-11-13 23:00:00,496.0
2025-11-14 00:00:00,468.0
2025-11-14 01:00:00,486.0
2025-11-14 02:00:00,479.0
2025-11-14 03:00:00,474.0
2025-11-14 04:00:00,503.0
2025-11-14 05:00:00,490.0
2025-11-14 06:00:00,500.0
2025-11-14 07:00:00,479.0
2025-11-14 08:00:00,494.0
2025-11-14 09:00:00,479.0
2025-11-14 10:00:00,461.0
2025-11-14 11:00:00,492.0
2025-11-14 12:00:00,483.0
2025-11-14 13:00:00,476.0
2025-11-14 14:00:00,481.0
2025-11-14 15:00:00,482.0
2025-11-14 16:00:00,478.0
2025-11-14 17:00:00,485.0
2025-11-14 18:00:00,490.0
2025-11-14 19:00:00,478.0
2025-11-14 20:00:00,478.0
2025-11-14 21:00:00,498.0
2025-11-14 22:00:00,509.0
2025-11-14 23:00:00,507.0
2025-11-15 00:00:00,515.0
2025-11-15 01:00:00,505.0
2025-11-15 02:00:00,502.0
2025-11-15 03:00:00,499.0
2025-11-15 04:00:00,502.0
2025-11-15 05:00:00,501.0
2025-11-15 06:00:00,515.0
2025-11-15 07:00:00,502.0
2025-11-15 08:00:00,528.0
2025-11-15 09:00:00,521.0
2025-11-15 10:00:00,524.0
2025-11-15 11:00:00,526.0
2025-11-15 12:00:00,522.0
2025-11-15 13:00:00,518.0
2025-11-15 14:00:00,516.0
2025-11-15 15:00:00,521.0
2025-11-15 16:00:00,518.0
2025-11-15 17:00:00,521.0
2025-11-15 18:00:00,508.0
2025-11-15 19:00:00,518.0
2025-11-15 20:00:00,567.0
2025-11-15 21:00:00,511.0
2025-11-15 22:00:00,527.0
2025-11-15 23:00:00,536.0
2025-11-16 00:00:00,527.0
2025-11-16 01:00:00,525.0
2025-11-16 02:00:00,506.0
2025-11-16 03:00:00,529.0
2025-11-16 04:00:00,542.0
2025-11-16 05:00:00,546.0
2025-11-16 06:00:00,552.0
2025-11-16 07:00:00,543.0
2025-11-16 08:00:00,544.0
2025-11-16 09:00:00,518.0
2025-11-16 10:00:00,547.0
2025-11-16 11:00:00,536.0
2025-11-16 12:00:00,525.0
2025-11-16 13:00:00,523.0
2025-11-16 14:00:00,522.0
2025-11-16 15:00:00,522.0
2025-11-16 16:00:00,553.0
2025-11-16 17:00:00,637.0
2025-11-16 18:00:00,514.0
2025-11-16 19:00:00,516.0
2025-11-16 20:00:00,517.0
2025-11-16 21:00:00,513.0
2025-11-16 22:00:00,515.0
2025-11-16 23:00:00,509.0
2025-11-17 00:00:00,499.0
2025-11-17 01:00:00,496.0
2025-11-17 02:00:00,502.0
2025-11-17 03:00:00,484.0
2025-11-17 04:00:00,500.0
2025-11-17 05:00:00,497.0
2025-11-17 06:00:00,512.0
2025-11-17 07:00:00,514.0
2025-11-17 08:00:00,517.0
2025-11-17 09:00:00,514.0
2025-11-17 10:00:00,520.0
2025-11-17 11:00:00,481.0
2025-11-17 12:00:00,495.0
2025-11-17 13:00:00,474.0
2025-11-17 14:00:00,487.0
2025-11-17 15:00:00,483.0
2025-11-17 16:00:00,497.0
2025-11-17 17:00:00,467.0
2025-11-17 18:00:00,497.0
2025-11-17 19:00:00,469.0
2025-11-17 20:00:00,481.0
2025-11-17 21:00:00,483.0
2025-11-17 22:00:00,496.0
2025-11-17 23:00:00,478.0
2025-11-18 00:00:00,477.0
2025-11-18 01:00:00,486.0
2025-11-18 02:00:00,488.0
2025-11-18 03:00:00,474.0
2025-11-18 04:00:00,492.0
2025-11-18 05:00:00,481.0
2025-11-18 06:00:00,490.0
2025-11-18 07:00:00,516.0
2025-11-18 08:00:00,468.0
2025-11-18 09:00:00,478.0
2025-11-18 10:00:00,470.0
2025-11-18 11:00:00,487.0
2025-11-18 12:00:00,469.0
2025-11-18 13:00:00,463.0
2025-11-18 14:00:00,507.0
2025-11-18 15:00:00,473.0
2025-11-18 16:00:00,483.0
2025-11-18 17:00:00,480.0
2025-11-18 18:00:00,490.0
2025-11-18 19:00:00,457.0
2025-11-18 20:00:00,459.0
2025-11-18 21:00:00,469.0
2025-11-18 22:00:00,481.0
2025-11-18 23:00:00,488.0
2025-11-19 00:00:00,500.0
2025-11-19 01:00:00,470.0
2025-11-19 02:00:00,477.0
2025-11-19 03:00:00,492.0
2025-11-19 04:00:00,492.0
2025-11-19 05:00:00,515.0
2025-11-19 06:00:00,477.0
2025-11-19 07:00:00,492.0
2025-11-19 08:00:00,470.0
2025-11-19 09:00:00,510.0
2025-11-19 10:00:00,485.0
2025-11-19 11:00:00,492.0
2025-11-19 12:00:00,480.0
2025-11-19 13:00:00,500.0
2025-11-19 14:00:00,650.0
2025-11-19 15:00:00,477.0
2025-11-19 16:00:00,488.0
2025-11-19 17:00:00,1109.0
2025-11-19 18:00:00,818.0
2025-11-19 19:00:00,481.0
2025-11-19 20:00:00,496.0
2025-11-19 21:00:00,468.0
2025-11-19 22:00:00,478.0
2025-11-19 23:00:00,485.0
2025-11-20 00:00:00,484.0
2025-11-20 01:00:00,498.0
2025-11-20 02:00:00,492.0
2025-11-20 03:00:00,484.0
2025-11-20 04:00:00,504.0
2025-11-20 05:00:00,492.0
2025-11-20 06:00:00,502.0
2025-11-20 07:00:00,501.0
2025-11-20 08:00:00,463.0
2025-11-20 09:00:00,501.0
2025-11-20 10:00:00,476.0
2025-11-20 11:00:00,477.0
2025-11-20 12:00:00,515.0
2025-11-20 13:00:00,500.0
2025-11-20 14:00:00,481.0
2025-11-20 15:00:00,498.0
2025-11-20 16:00:00,476.0
2025-11-20 17:00:00,492.0
2025-11-20 18:00:00,486.0
2025-11-20 19:00:00,466.0
2025-11-20 20:00:00,469.0
2025-11-20 21:00:00,479.0
2025-11-20 22:00:00,491.0
2025-11-20 23:00:00,500.0
2025-11-21 00:00:00,495.0
2025-11-21 01:00:00,496.0
2025-11-21 02:00:00,493.0
2025-11-21 03:00:00,495.0
2025-11-21 04:00:00,497.0
2025-11-21 05:00:00,485.0
2025-11-21 06:00:00,469.0
2025-11-21 07:00:00,484.0
2025-11-21 08:00:00,472.0
2025-11-21 09:00:00,488.0
2025-11-21 10:00:00,493.0
2025-11-21 11:00:00,515.0
2025-11-21 12:00:00,484.0
2025-11-21 13:00:00,479.0
2025-11-21 14:00:00,474.0
2025-11-21 15:00:00,499.0
2025-11-21 16:00:00,495.0
2025-11-21 17:00:00,507.0
2025-11-21 18:00:00,965.0
2025-11-21 19:00:00,481.0
2025-11-21 20:00:00,489.0
2025-11-21 21:00:00,815.0
2025-11-21 22:00:00,512.0
2025-11-21 23:00:00,904.0
2025-11-22 00:00:00,671.0
2025-11-22 01:00:00,500.0
2025-11-22 02:00:00,656.0
2025-11-22 03:00:00,489.0
2025-11-22 04:00:00,493.0
2025-11-22 05:00:00,1131.0
2025-11-22 06:00:00,1121.0
2025-11-22 07:00:00,685.0
2025-11-22 08:00:00,636.0
2025-11-22 09:00:00,626.0
2025-11-22 10:00:00,696.0
2025-11-22 11:00:00,629.0
2025-11-22 12:00:00,565.0
2025-11-22 13:00:00,585.0
2025-11-22 14:00:00,556.0
2025-11-22 15:00:00,547.0
2025-11-22 16:00:00,558.0
2025-11-22 17:00:00,551.0
2025-11-22 18:00:00,559.0
2025-11-22 19:00:00,559.0
2025-11-22 20:00:00,538.0
2025-11-22 21:00:00,538.0
2025-11-22 22:00:00,549.0
2025-11-22 23:00:00,552.0
2025-11-23 00:00:00,550.0
2025-11-23 01:00:00,547.0
2025-11-23 02:00:00,534.0
2025-11-23 03:00:00,544.0
2025-11-23 04:00:00,551.0
2025-11-23 05:00:00,1085.0
2025-11-23 06:00:00,1535.0
2025-11-23 07:00:00,691.0
2025-11-23 08:00:00,1251.0
2025-11-23 09:00:00,1539.0
2025-11-23 10:00:00,1022.0
2025-11-23 11:00:00,1085.0
2025-11-23 12:00:00,677.0
2025-11-23 13:00:00,608.0
2025-11-23 14:00:00,627.0
2025-11-23 15:00:00,615.0
2025-11-23 16:00:00,599.0
2025-11-23 17:00:00,600.0
2025-11-23 18:00:00,591.0
2025-11-23 19:00:00,586.0
2025-11-23 20:00:00,579.0
2025-11-23 21:00:00,576.0
2025-11-23 22:00:00,573.0
2025-11-23 23:00:00,582.0
2025-11-24 00:00:00,554.0
2025-11-24 01:00:00,539.0
2025-11-24 02:00:00,548.0
2025-11-24 03:00:00,594.0
2025-11-24 04:00:00,692.0
2025-11-24 05:00:00,710.0
2025-11-24 06:00:00,889.0
2025-11-24 07:00:00,1044.0
2025-11-24 08:00:00,959.0
2025-11-24 09:00:00,1011.0
2025-11-24 10:00:00,735.0
2025-11-24 11:00:00,699.0
2025-11-24 12:00:00,613.0
2025-11-24 13:00:00,612.0
2025-11-24 14:00:00,595.0
2025-11-24 15:00:00,594.0
2025-11-24 16:00:00,588.0
2025-11-24 17:00:00,576.0
2025-11-24 18:00:00,569.0
2025-11-24 19:00:00,597.0
2025-11-24 20:00:00,567.0
2025-11-24 21:00:00,612.0
2025-11-24 22:00:00,566.0
2025-11-24 23:00:00,591.0
2025-11-25 00:00:00,570.0
2025-11-25 01:00:00,555.0
2025-11-25 02:00:00,559.0
2025-11-25 03:00:00,674.0
2025-11-25 04:00:00,728.0
2025-11-25 05:00:00,1244.0
2025-11-25 06:00:00,832.0
2025-11-25 07:00:00,687.0
2025-11-25 08:00:00,642.0
2025-11-25 09:00:00,684.0
2025-11-25 10:00:00,653.0
2025-11-25 11:00:00,636.0
2025-11-25 12:00:00,627.0
2025-11-25 13:00:00,619.0
2025-11-25 14:00:00,608.0
2025-11-25 15:00:00,615.0
2025-11-25 16:00:00,610.0
2025-11-25 17:00:00,615.0
2025-11-25 18:00:00,617.0
2025-11-25 19:00:00,604.0
2025-11-25 20:00:00,597.0
2025-11-25 21:00:00,594.0
2025-11-25 22:00:00,594.0
2025-11-25 23:00:00,593.0
2025-11-26 00:00:00,585.0
2025-11-26 01:00:00,585.0
2025-11-26 02:00:00,586.0
2025-11-26 03:00:00,593.0
2025-11-26 04:00:00,573.0
2025-11-26 05:00:00,578.0
2025-11-26 06:00:00,557.0
2025-11-26 07:00:00,540.0
2025-11-26 08:00:00,575.0
2025-11-26 09:00:00,529.0
2025-11-26 10:00:00,522.0
2025-11-26 11:00:00,522.0
2025-11-26 12:00:00,545.0
2025-11-26 13:00:00,529.0
2025-11-26 14:00:00,514.0
2025-11-26 15:00:00,518.0
2025-11-26 16:00:00,510.0
2025-11-26 17:00:00,510.0
2025-11-26 18:00:00,512.0
2025-11-26 19:00:00,507.0
2025-11-26 20:00:00,502.0
2025-11-26 21:00:00,501.0
2025-11-26 22:00:00,507.0
2025-11-26 23:00:00,510.0
2025-11-27 00:00:00,508.0
2025-11-27 01:00:00,503.0
2025-11-27 02:00:00,501.0
2025-11-27 03:00:00,509.0
2025-11-27 04:00:00,528.0
2025-11-27 05:00:00,519.0
2025-11-27 06:00:00,522.0
2025-11-27 07:00:00,521.0
2025-11-27 08:00:00,509.0
2025-11-27 09:00:00,524.0
2025-11-27 10:00:00,518.0
2025-11-27 11:00:00,500.0
2025-11-27 12:00:00,497.0
2025-11-27 13:00:00,501.0
2025-11-27 14:00:00,483.0
2025-11-27 15:00:00,498.0
2025-11-27 16:00:00,507.0
2025-11-27 17:00:00,489.0
2025-11-27 18:00:00,480.0
2025-11-27 19:00:00,490.0
2025-11-27 20:00:00,479.0
2025-11-27 21:00:00,489.0
2025-11-27 22:00:00,480.0
2025-11-27 23:00:00,524.0
2025-11-28 00:00:00,523.0
2025-11-28 01:00:00,522.0
2025-11-28 02:00:00,522.0
2025-11-28 03:00:00,521.0
2025-11-28 04:00:00,521.0
2025-11-28 05:00:00,477.0
2025-11-28 06:00:00,486.0
2025-11-28 07:00:00,668.0
2025-11-28 08:00:00,523.0
2025-11-28 09:00:00,488.0
2025-11-28 10:00:00,503.0
2025-11-28 11:00:00,522.0
2025-11-28 12:00:00,493.0
2025-11-28 13:00:00,496.0
2025-11-28 14:00:00,479.0
2025-11-28 15:00:00,506.0
2025-11-28 16:00:00,479.0
2025-11-28 17:00:00,496.0
2025-11-28 18:00:00,487.0
2025-11-28 19:00:00,473.0
2025-11-28 20:00:00,475.0
2025-11-28 21:00:00,498.0
2025-11-28 22:00:00,485.0
2025-11-28 23:00:00,490.0
2025-11-29 00:00:00,491.0
2025-11-29 01:00:00,489.0
2025-11-29 02:00:00,488.0
2025-11-29 03:00:00,486.0
2025-11-29 04:00:00,496.0
2025-11-29 05:00:00,486.0
2025-11-29 06:00:00,518.0
2025-11-29 07:00:00,473.0
2025-11-29 08:00:00,497.0
2025-11-29 09:00:00,509.0
2025-11-29 10:00:00,537.0
2025-11-29 11:00:00,504.0
2025-11-29 12:00:00,503.0
2025-11-29 13:00:00,504.0
2025-11-29 14:00:00,507.0
2025-11-29 15:00:00,508.0
2025-11-29 16:00:00,851.0
2025-11-29 17:00:00,596.0
2025-11-29 18:00:00,748.0
2025-11-29 19:00:00,514.0
2025-11-29 20:00:00,510.0
2025-11-29 21:00:00,512.0
2025-11-29 22:00:00,517.0
2025-11-29 23:00:00,513.0
2025-11-30 00:00:00,512.0
2025-11-30 01:00:00,505.0
2025-11-30 02:00:00,504.0
2025-11-30 03:00:00,536.0
2025-11-30 04:00:00,535.0
2025-11-30 05:00:00,520.0
2025-11-30 06:00:00,536.0
2025-11-30 07:00:00,534.0
2025-11-30 08:00:00,526.0
2025-11-30 09:00:00,532.0
2025-11-30 10:00:00,516.0
2025-11-30 11:00:00,523.0
2025-11-30 12:00:00,537.0
2025-11-30 13:00:00,519.0
2025-11-30 14:00:00,523.0
2025-11-30 15:00:00,516.0
2025-11-30 16:00:00,517.0
2025-11-30 17:00:00,514.0
2025-11-30 18:00:00,516.0
2025-11-30 19:00:00,551.0
2025-11-30 20:00:00,510.0
2025-11-30 21:00:00,504.0
2025-11-30 22:00:00,507.0
2025-11-30 23:00:00,498.0
2025-12-01 00:00:00,486.0
2025-12-01 01:00:00,495.0
2025-12-01 02:00:00,479.0
2025-12-01 03:00:00,492.0
2025-12-01 04:00:00,496.0
2025-12-01 05:00:00,498.0
2025-12-01 06:00:00,496.0
2025-12-01 07:00:00,499.0
2025-12-01 08:00:00,505.0
2025-12-01 09:00:00,504.0
2025-12-01 10:00:00,483.0
2025-12-01 11:00:00,497.0
2025-12-01 12:00:00,500.0
2025-12-01 13:00:00,487.0
2025-12-01 14:00:00,481.0
2025-12-01 15:00:00,492.0
2025-12-01 16:00:00,487.0
2025-12-01 17:00:00,489.0
2025-12-01 18:00:00,478.0
2025-12-01 19:00:00,492.0
2025-12-01 20:00:00,499.0
2025-12-01 21:00:00,477.0
2025-12-01 22:00:00,480.0
2025-12-01 23:00:00,486.0
2025-12-02 00:00:00,482.0
2025-12-02 01:00:00,495.0
2025-12-02 02:00:00,491.0
2025-12-02 03:00:00,487.0
2025-12-02 04:00:00,537.0
2025-12-02 05:00:00,496.0
2025-12-02 06:00:00,478.0
2025-12-02 07:00:00,585.0
2025-12-02 08:00:00,477.0
2025-12-02 09:00:00,507.0
2025-12-02 10:00:00,507.0
2025-12-02 11:00:00,497.0
2025-12-02 12:00:00,511.0
2025-12-02 13:00:00,499.0
2025-12-02 14:00:00,498.0
2025-12-02 15:00:00,482.0
2025-12-02 16:00:00,500.0
2025-12-02 17:00:00,517.0
2025-12-02 18:00:00,475.0
2025-12-02 19:00:00,511.0
2025-12-02 20:00:00,501.0
2025-12-02 21:00:00,505.0
2025-12-02 22:00:00,490.0
2025-12-02 23:00:00,474.0
2025-12-03 00:00:00,482.0
2025-12-03 01:00:00,475.0
2025-12-03 02:00:00,471.0
2025-12-03 03:00:00,489.0
2025-12-03 04:00:00,504.0
2025-12-03 05:00:00,510.0
2025-12-03 06:00:00,492.0
2025-12-03 07:00:00,514.0
2025-12-03 08:00:00,499.0
2025-12-03 09:00:00,525.0
2025-12-03 10:00:00,482.0
2025-12-03 11:00:00,525.0
2025-12-03 12:00:00,506.0
2025-12-03 13:00:00,487.0
2025-12-03 14:00:00,525.0
2025-12-03 15:00:00,503.0
2025-12-03 16:00:00,491.0
2025-12-03 17:00:00,514.0
2025-12-03 18:00:00,479.0
2025-12-03 19:00:00,501.0
2025-12-03 20:00:00,506.0
2025-12-03 21:00:00,504.0
2025-12-03 22:00:00,479.0
2025-12-03 23:00:00,496.0
2025-12-04 00:00:00,483.0
2025-12-04 01:00:00,483.0
2025-12-04 02:00:00,504.0
2025-12-04 03:00:00,494.0
2025-12-04 04:00:00,494.0
2025-12-04 05:00:00,520.0
2025-12-04 06:00:00,495.0
2025-12-04 07:00:00,495.0
2025-12-04 08:00:00,514.0
2025-12-04 09:00:00,521.0
2025-12-04 10:00:00,504.0
2025-12-04 11:00:00,532.0
2025-12-04 12:00:00,510.0
2025-12-04 13:00:00,510.0
2025-12-04 14:00:00,520.0
2025-12-04 15:00:00,498.0
2025-12-04 16:00:00,519.0
2025-12-04 17:00:00,496.0
2025-12-04 18:00:00,500.0
2025-12-04 19:00:00,503.0
2025-12-04 20:00:00,500.0
2025-12-04 21:00:00,490.0
2025-12-04 22:00:00,504.0
2025-12-04 23:00:00,485.0
2025-12-05 00:00:00,503.0
2025-12-05 01:00:00,479.0
2025-12-05 02:00:00,500.0
2025-12-05 03:00:00,475.0
2025-12-05 04:00:00,520.0
2025-12-05 05:00:00,511.0
2025-12-05 06:00:00,498.0
2025-12-05 07:00:00,500.0
2025-12-05 08:00:00,504.0
2025-12-05 09:00:00,522.0
2025-12-05 10:00:00,955.0
2025-12-05 11:00:00,491.0
2025-12-05 12:00:00,495.0
2025-12-05 13:00:00,497.0
2025-12-05 14:00:00,512.0
2025-12-05 15:00:00,484.0
2025-12-05 16:00:00,495.0
2025-12-05 17:00:00,503.0
2025-12-05 18:00:00,489.0
2025-12-05 19:00:00,494.0
2025-12-05 20:00:00,483.0
2025-12-05 21:00:00,481.0
2025-12-05 22:00:00,495.0
2025-12-05 23:00:00,490.0
2025-12-06 00:00:00,493.0
2025-12-06 01:00:00,488.0
2025-12-06 02:00:00,509.0
2025-12-06 03:00:00,489.0
2025-12-06 04:00:00,493.0
2025-12-06 05:00:00,491.0
2025-12-06 06:00:00,496.0
2025-12-06 07:00:00,789.0
2025-12-06 08:00:00,678.0
2025-12-06 09:00:00,782.0
2025-12-06 10:00:00,530.0
2025-12-06 11:00:00,545.0
2025-12-06 12:00:00,545.0
2025-12-06 13:00:00,519.0
2025-12-06 14:00:00,515.0
2025-12-06 15:00:00,517.0
2025-12-06 16:00:00,513.0
2025-12-06 17:00:00,513.0
2025-12-06 18:00:00,507.0
2025-12-06 19:00:00,514.0
2025-12-06 20:00:00,507.0
2025-12-06 21:00:00,509.0
2025-12-06 22:00:00,508.0
2025-12-06 23:00:00,514.0
2025-12-07 00:00:00,504.0
2025-12-07 01:00:00,506.0
2025-12-07 02:00:00,507.0
2025-12-07 03:00:00,508.0
2025-12-07 04:00:00,507.0
2025-12-07 05:00:00,509.0
2025-12-07 06:00:00,522.0
2025-12-07 07:00:00,523.0
2025-12-07 08:00:00,525.0
2025-12-07 09:00:00,529.0
2025-12-07 10:00:00,523.0
2025-12-07 11:00:00,540.0
2025-12-07 12:00:00,540.0
2025-12-07 13:00:00,539.0
2025-12-07 14:00:00,532.0
2025-12-07 15:00:00,552.0
2025-12-07 16:00:00,536.0
2025-12-07 17:00:00,537.0
2025-12-07 18:00:00,548.0
2025-12-07 19:00:00,530.0
2025-12-07 20:00:00,515.0
2025-12-07 21:00:00,515.0
2025-12-07 22:00:00,492.0
2025-12-07 23:00:00,507.0
2025-12-08 00:00:00,497.0
2025-12-08 01:00:00,485.0
2025-12-08 02:00:00,495.0
2025-12-08 03:00:00,480.0
2025-12-08 04:00:00,486.0
2025-12-08 05:00:00,494.0
2025-12-08 06:00:00,655.0
2025-12-08 07:00:00,696.0
2025-12-08 08:00:00,487.0
2025-12-08 09:00:00,512.0
2025-12-08 10:00:00,496.0
2025-12-08 11:00:00,514.0
2025-12-08 12:00:00,495.0
2025-12-08 13:00:00,486.0
2025-12-08 14:00:00,489.0
2025-12-08 15:00:00,510.0
2025-12-08 16:00:00,485.0
2025-12-08 17:00:00,509.0
2025-12-08 18:00:00,507.0
2025-12-08 19:00:00,486.0
2025-12-08 20:00:00,498.0
2025-12-08 21:00:00,473.0
2025-12-08 22:00:00,492.0
2025-12-08 23:00:00,484.0
2025-12-09 00:00:00,504.0
2025-12-09 01:00:00,478.0
2025-12-09 02:00:00,496.0
2025-12-09 03:00:00,486.0
2025-12-09 04:00:00,494.0
2025-12-09 05:00:00,517.0
2025-12-09 06:00:00,493.0
2025-12-09 07:00:00,525.0
2025-12-09 08:00:00,517.0
2025-12-09 09:00:00,510.0
2025-12-09 10:00:00,497.0
2025-12-09 11:00:00,517.0
2025-12-09 12:00:00,517.0
2025-12-09 13:00:00,471.0
2025-12-09 14:00:00,496.0
2025-12-09 15:00:00,513.0
2025-12-09 16:00:00,507.0
2025-12-09 17:00:00,499.0
2025-12-09 18:00:00,480.0
2025-12-09 19:00:00,502.0
2025-12-09 20:00:00,491.0
2025-12-09 21:00:00,482.0
2025-12-09 22:00:00,479.0
2025-12-09 23:00:00,492.0
2025-12-10 00:00:00,498.0
2025-12-10 01:00:00,490.0
2025-12-10 02:00:00,506.0
2025-12-10 03:00:00,484.0
2025-12-10 04:00:00,495.0
2025-12-10 05:00:00,505.0
2025-12-10 06:00:00,519.0
2025-12-10 07:00:00,513.0
2025-12-10 08:00:00,490.0
2025-12-10 09:00:00,490.0
2025-12-10 10:00:00,538.0
2025-12-10 11:00:00,511.0
2025-12-10 12:00:00,515.0
2025-12-10 13:00:00,515.0
2025-12-10 14:00:00,486.0
2025-12-10 15:00:00,517.0
2025-12-10 16:00:00,487.0
2025-12-10 17:00:00,510.0
2025-12-10 18:00:00,496.0
2025-12-10 19:00:00,497.0
2025-12-10 20:00:00,500.0
2025-12-10 21:00:00,486.0
2025-12-10 22:00:00,500.0
2025-12-10 23:00:00,515.0
2025-12-11 00:00:00,500.0
2025-12-11 01:00:00,500.0
2025-12-11 02:00:00,530.0
2025-12-11 03:00:00,500.0
2025-12-11 04:00:00,527.0
2025-12-11 05:00:00,522.0
2025-12-11 06:00:00,530.0
2025-12-11 07:00:00,530.0
2025-12-11 08:00:00,492.0
2025-12-11 09:00:00,522.0
2025-12-11 10:00:00,507.0
2025-12-11 11:00:00,500.0
2025-12-11 12:00:00,537.0
2025-12-11 13:00:00,492.0
2025-12-11 14:00:00,500.0
2025-12-11 15:00:00,507.0
2025-12-11 16:00:00,500.0
2025-12-11 17:00:00,492.0
2025-12-11 18:00:00,536.0
2025-12-11 19:00:00,515.0
2025-12-11 20:00:00,515.0
2025-12-11 21:00:00,522.0
2025-12-11 22:00:00,522.0
2025-12-11 23:00:00,822.0
2025-12-12 00:00:00,665.0
2025-12-12 01:00:00,567.0
2025-12-12 02:00:00,1332.0
2025-12-12 03:00:00,1092.0
2025-12-12 04:00:00,822.0
2025-12-12 05:00:00,665.0
2025-12-12 06:00:00,515.0
2025-12-12 07:00:00,552.0
2025-12-12 08:00:00,552.0
2025-12-12 09:00:00,530.0
2025-12-12 10:00:00,770.0
2025-12-12 11:00:00,605.0
2025-12-12 12:00:00,545.0
2025-12-12 13:00:00,530.0
2025-12-12 14:00:00,537.0
2025-12-12 15:00:00,537.0
2025-12-12 16:00:00,507.0
2025-12-12 17:00:00,530.0
2025-12-12 18:00:00,545.0
2025-12-12 19:00:00,567.0
2025-12-12 20:00:00,575.0
2025-12-12 21:00:00,582.0
2025-12-12 22:00:00,560.0
2025-12-12 23:00:00,560.0
2025-12-13 00:00:00,582.0
2025-12-13 01:00:00,590.0
2025-12-13 02:00:00,575.0
2025-12-13 03:00:00,582.0
2025-12-13 04:00:00,590.0
2025-12-13 05:00:00,567.0
2025-12-13 06:00:00,545.0
2025-12-13 07:00:00,560.0
2025-12-13 08:00:00,582.0
2025-12-13 09:00:00,575.0
2025-12-13 10:00:00,567.0
2025-12-13 11:00:00,590.0
2025-12-13 12:00:00,672.0
2025-12-13 13:00:00,590.0
2025-12-13 14:00:00,560.0
2025-12-13 15:00:00,567.0
2025-12-13 16:00:00,590.0
2025-12-13 17:00:00,590.0
2025-12-13 18:00:00,582.0
2025-12-13 19:00:00,582.0
2025-12-13 20:00:00,590.0
2025-12-13 21:00:00,582.0
2025-12-13 22:00:00,567.0
2025-12-13 23:00:00,627.0
2025-12-14 00:00:00,807.0
2025-12-14 01:00:00,620.0
2025-12-14 02:00:00,612.0
2025-12-14 03:00:00,710.0
2025-12-14 04:00:00,597.0
2025-12-14 05:00:00,567.0
2025-12-14 06:00:00,590.0
2025-12-14 07:00:00,590.0
2025-12-14 08:00:00,575.0
2025-12-14 09:00:00,581.0
2025-12-14 10:00:00,597.0
2025-12-14 11:00:00,590.0
2025-12-14 12:00:00,582.0
2025-12-14 13:00:00,582.0
2025-12-14 14:00:00,575.0
2025-12-14 15:00:00,590.0
2025-12-14 16:00:00,582.0
2025-12-14 17:00:00,575.0
2025-12-14 18:00:00,567.0
2025-12-14 19:00:00,582.0
2025-12-14 20:00:00,582.0
2025-12-14 21:00:00,575.0
2025-12-14 22:00:00,552.0
2025-12-14 23:00:00,560.0
2025-12-15 00:00:00,567.0
2025-12-15 01:00:00,567.0
2025-12-15 02:00:00,552.0
2025-12-15 03:00:00,552.0
2025-12-15 04:00:00,560.0
2025-12-15 05:00:00,552.0
2025-12-15 06:00:00,830.0
2025-12-15 07:00:00,560.0
2025-12-15 08:00:00,552.0
2025-12-15 09:00:00,522.0
2025-12-15 10:00:00,545.0
2025-12-15 11:00:00,522.0
2025-12-15 12:00:00,537.0
2025-12-15 13:00:00,530.0
2025-12-15 14:00:00,515.0
2025-12-15 15:00:00,522.0
2025-12-15 16:00:00,515.0
2025-12-15 17:00:00,522.0
2025-12-15 18:00:00,537.0
2025-12-15 19:00:00,545.0
2025-12-15 20:00:00,537.0
2025-12-15 21:00:00,522.0
2025-12-15 22:00:00,522.0
2025-12-15 23:00:00,515.0
2025-12-16 00:00:00,545.0
2025-12-16 01:00:00,545.0
2025-12-16 02:00:00,530.0
2025-12-16 03:00:00,537.0
2025-12-16 04:00:00,537.0
2025-12-16 05:00:00,530.0
2025-12-16 06:00:00,530.0
2025-12-16 07:00:00,537.0
2025-12-16 08:00:00,545.0
2025-12-16 09:00:00,537.0
2025-12-16 10:00:00,522.0
2025-12-16 11:00:00,522.0
2025-12-16 12:00:00,515.0
2025-12-16 13:00:00,530.0
2025-12-16 14:00:00,515.0
2025-12-16 15:00:00,522.0
2025-12-16 16:00:00,530.0
2025-12-16 17:00:00,522.0
2025-12-16 18:00:00,530.0
2025-12-16 19:00:00,522.0
2025-12-16 20:00:00,530.0
2025-12-16 21:00:00,537.0
2025-12-16 22:00:00,522.0
2025-12-16 23:00:00,522.0
2025-12-17 00:00:00,530.0
2025-12-17 01:00:00,530.0
2025-12-17 02:00:00,552.0
2025-12-17 03:00:00,530.0
2025-12-17 04:00:00,582.0
2025-12-17 05:00:00,537.0
2025-12-17 06:00:00,530.0
2025-12-17 07:00:00,522.0
2025-12-17 08:00:00,530.0
2025-12-17 09:00:00,552.0
2025-12-17 10:00:00,522.0
2025-12-17 11:00:00,702.0
2025-12-17 12:00:00,597.0
2025-12-17 13:00:00,537.0
2025-12-17 14:00:00,507.0
2025-12-17 15:00:00,515.0
2025-12-17 16:00:00,515.0
2025-12-17 17:00:00,515.0
2025-12-17 18:00:00,500.0
2025-12-17 19:00:00,537.0
2025-12-17 20:00:00,725.0
2025-12-17 21:00:00,537.0
2025-12-17 22:00:00,530.0
2025-12-17 23:00:00,522.0
2025-12-18 00:00:00,545.0
2025-12-18 01:00:00,552.0
2025-12-18 02:00:00,560.0
2025-12-18 03:00:00,567.0
2025-12-18 04:00:00,545.0
2025-12-18 05:00:00,515.0
2025-12-18 06:00:00,537.0
2025-12-18 07:00:00,530.0
2025-12-18 08:00:00,552.0
2025-12-18 09:00:00,545.0
2025-12-18 10:00:00,522.0
2025-12-18 11:00:00,530.0
2025-12-18 12:00:00,537.0
2025-12-18 13:00:00,530.0
2025-12-18 14:00:00,537.0
2025-12-18 15:00:00,537.0
2025-12-18 16:00:00,545.0
2025-12-18 17:00:00,530.0
2025-12-18 18:00:00,680.0
2025-12-18 19:00:00,567.0
2025-12-18 20:00:00,545.0
2025-12-18 21:00:00,537.0
2025-12-18 22:00:00,520.0
2025-12-18 23:00:00,518.0
2025-12-19 00:00:00,511.0
2025-12-19 01:00:00,509.0
2025-12-19 02:00:00,511.0
2025-12-19 03:00:00,560.0
2025-12-19 04:00:00,547.0
2025-12-19 05:00:00,553.0
2025-12-19 06:00:00,538.0
2025-12-19 07:00:00,520.0
2025-12-19 08:00:00,518.0
2025-12-19 09:00:00,508.0
2025-12-19 10:00:00,528.0
2025-12-19 11:00:00,502.0
2025-12-19 12:00:00,506.0
2025-12-19 13:00:00,492.0
2025-12-19 14:00:00,500.0
2025-12-19 15:00:00,512.0
2025-12-19 16:00:00,500.0
2025-12-19 17:00:00,494.0
2025-12-19 18:00:00,677.0
2025-12-19 19:00:00,500.0
2025-12-19 20:00:00,497.0
2025-12-19 21:00:00,622.0
2025-12-19 22:00:00,525.0
2025-12-19 23:00:00,545.0
2025-12-20 00:00:00,511.0
2025-12-20 01:00:00,511.0
2025-12-20 02:00:00,605.0
2025-12-20 03:00:00,511.0
2025-12-20 04:00:00,528.0
2025-12-20 05:00:00,572.0
2025-12-20 06:00:00,508.0
2025-12-20 07:00:00,518.0
2025-12-20 08:00:00,494.0
2025-12-20 09:00:00,503.0
2025-12-20 10:00:00,530.0
2025-12-20 11:00:00,528.0
2025-12-20 12:00:00,512.0
2025-12-20 13:00:00,510.0
2025-12-20 14:00:00,515.0
2025-12-20 15:00:00,516.0
2025-12-20 16:00:00,514.0
2025-12-20 17:00:00,512.0
2025-12-20 18:00:00,511.0
2025-12-20 19:00:00,514.0
2025-12-20 20:00:00,511.0
2025-12-20 21:00:00,511.0
2025-12-20 22:00:00,513.0
2025-12-20 23:00:00,513.0
2025-12-21 00:00:00,509.0
2025-12-21 01:00:00,508.0
2025-12-21 02:00:00,505.0
2025-12-21 03:00:00,505.0
2025-12-21 04:00:00,505.0
2025-12-21 05:00:00,503.0
2025-12-21 06:00:00,494.0
2025-12-21 07:00:00,512.0
2025-12-21 08:00:00,519.0
2025-12-21 09:00:00,531.0
2025-12-21 10:00:00,521.0
2025-12-21 11:00:00,527.0
2025-12-21 12:00:00,527.0
2025-12-21 13:00:00,515.0
2025-12-21 14:00:00,516.0
2025-12-21 15:00:00,507.0
2025-12-21 16:00:00,519.0
2025-12-21 17:00:00,516.0
2025-12-21 18:00:00,514.0
2025-12-21 19:00:00,513.0
2025-12-21 20:00:00,511.0
2025-12-21 21:00:00,509.0
2025-12-21 22:00:00,511.0
2025-12-21 23:00:00,511.0
2025-12-22 00:00:00,504.0
2025-12-22 01:00:00,503.0
2025-12-22 02:00:00,493.0
2025-12-22 03:00:00,513.0
2025-12-22 04:00:00,519.0
2025-12-22 05:00:00,531.0
2025-12-22 06:00:00,533.0
2025-12-22 07:00:00,529.0
2025-12-22 08:00:00,530.0
2025-12-22 09:00:00,525.0
2025-12-22 10:00:00,529.0
2025-12-22 11:00:00,488.0
2025-12-22 12:00:00,491.0
2025-12-22 13:00:00,490.0
2025-12-22 14:00:00,496.0
2025-12-22 15:00:00,492.0
2025-12-22 16:00:00,489.0
2025-12-22 17:00:00,505.0
2025-12-22 18:00:00,485.0
2025-12-22 19:00:00,483.0
2025-12-22 20:00:00,496.0
2025-12-22 21:00:00,506.0
2025-12-22 22:00:00,490.0
2025-12-22 23:00:00,493.0
2025-12-23 00:00:00,488.0
2025-12-23 01:00:00,493.0
2025-12-23 02:00:00,489.0
2025-12-23 03:00:00,502.0
2025-12-23 04:00:00,508.0
2025-12-23 05:00:00,535.0
2025-12-23 06:00:00,519.0
2025-12-23 07:00:00,523.0
2025-12-23 08:00:00,523.0
2025-12-23 09:00:00,520.0
2025-12-23 10:00:00,524.0
2025-12-23 11:00:00,524.0
2025-12-23 12:00:00,509.0
2025-12-23 13:00:00,520.0
2025-12-23 14:00:00,496.0
2025-12-23 15:00:00,488.0
2025-12-23 16:00:00,496.0
2025-12-23 17:00:00,497.0
2025-12-23 18:00:00,496.0
2025-12-23 19:00:00,497.0
2025-12-23 20:00:00,500.0
2025-12-23 21:00:00,487.0
2025-12-23 22:00:00,493.0
2025-12-23 23:00:00,499.0
2025-12-24 00:00:00,492.0
2025-12-24 01:00:00,501.0
2025-12-24 02:00:00,509.0
2025-12-24 03:00:00,743.0
2025-12-24 04:00:00,520.0
2025-12-24 05:00:00,503.0
2025-12-24 06:00:00,512.0
2025-12-24 07:00:00,514.0
2025-12-24 08:00:00,519.0
2025-12-24 09:00:00,519.0
2025-12-24 10:00:00,524.0
2025-12-24 11:00:00,518.0
2025-12-24 12:00:00,482.0
2025-12-24 13:00:00,528.0
2025-12-24 14:00:00,499.0
2025-12-24 15:00:00,499.0
2025-12-24 16:00:00,499.0
2025-12-24 17:00:00,517.0
2025-12-24 18:00:00,487.0
2025-12-24 19:00:00,483.0
2025-12-24 20:00:00,496.0
2025-12-24 21:00:00,478.0
2025-12-24 22:00:00,491.0
2025-12-24 23:00:00,489.0
2025-12-25 00:00:00,485.0
2025-12-25 01:00:00,500.0
2025-12-25 02:00:00,512.0
2025-12-25 03:00:00,499.0
2025-12-25 04:00:00,507.0
2025-12-25 05:00:00,506.0
2025-12-25 06:00:00,513.0
2025-12-25 07:00:00,514.0
2025-12-25 08:00:00,531.0
2025-12-25 09:00:00,532.0
2025-12-25 10:00:00,523.0
2025-12-25 11:00:00,547.0
2025-12-25 12:00:00,491.0
2025-12-25 13:00:00,504.0
2025-12-25 14:00:00,523.0
2025-12-25 15:00:00,484.0
2025-12-25 16:00:00,498.0
2025-12-25 17:00:00,522.0
2025-12-25 18:00:00,504.0
2025-12-25 19:00:00,483.0
2025-12-25 20:00:00,520.0
2025-12-25 21:00:00,492.0
2025-12-25 22:00:00,497.0
2025-12-25 23:00:00,494.0
2025-12-26 00:00:00,486.0
2025-12-26 01:00:00,512.0
2025-12-26 02:00:00,483.0
2025-12-26 03:00:00,487.0
2025-12-26 04:00:00,490.0
2025-12-26 05:00:00,503.0
2025-12-26 06:00:00,537.0
2025-12-26 07:00:00,513.0
2025-12-26 08:00:00,525.0
2025-12-26 09:00:00,530.0
2025-12-26 10:00:00,528.0
2025-12-26 11:00:00,507.0
2025-12-26 12:00:00,508.0
2025-12-26 13:00:00,515.0
2025-12-26 14:00:00,513.0
2025-12-26 15:00:00,508.0
2025-12-26 16:00:00,501.0
2025-12-26 17:00:00,494.0
2025-12-26 18:00:00,509.0
2025-12-26 19:00:00,500.0
2025-12-26 20:00:00,499.0
2025-12-26 21:00:00,520.0
2025-12-26 22:00:00,505.0
2025-12-26 23:00:00,511.0
2025-12-27 00:00:00,507.0
2025-12-27 01:00:00,503.0
2025-12-27 02:00:00,510.0
2025-12-27 03:00:00,489.0
2025-12-27 04:00:00,491.0
2025-12-27 05:00:00,497.0
2025-12-27 06:00:00,496.0
2025-12-27 07:00:00,510.0
2025-12-27 08:00:00,526.0
2025-12-27 09:00:00,524.0
2025-12-27 10:00:00,512.0
2025-12-27 11:00:00,510.0
2025-12-27 12:00:00,517.0
2025-12-27 13:00:00,515.0
2025-12-27 14:00:00,505.0
2025-12-27 15:00:00,508.0
2025-12-27 16:00:00,511.0
2025-12-27 17:00:00,515.0
2025-12-27 18:00:00,515.0
2025-12-27 19:00:00,514.0
2025-12-27 20:00:00,514.0
2025-12-27 21:00:00,503.0
2025-12-27 22:00:00,516.0
2025-12-27 23:00:00,514.0
2025-12-28 00:00:00,512.0
2025-12-28 01:00:00,510.0
2025-12-28 02:00:00,515.0
2025-12-28 03:00:00,512.0
2025-12-28 04:00:00,494.0
2025-12-28 05:00:00,499.0
2025-12-28 06:00:00,512.0
2025-12-28 07:00:00,524.0
2025-12-28 08:00:00,515.0
2025-12-28 09:00:00,527.0
2025-12-28 10:00:00,541.0
2025-12-28 11:00:00,503.0
2025-12-28 12:00:00,516.0
2025-12-28 13:00:00,517.0
2025-12-28 14:00:00,511.0
2025-12-28 15:00:00,510.0
2025-12-28 16:00:00,517.0
2025-12-28 17:00:00,512.0
2025-12-28 18:00:00,512.0
2025-12-28 19:00:00,513.0
2025-12-28 20:00:00,509.0
2025-12-28 21:00:00,507.0
2025-12-28 22:00:00,506.0
2025-12-28 23:00:00,505.0
2025-12-29 00:00:00,501.0
2025-12-29 01:00:00,515.0
2025-12-29 02:00:00,487.0
2025-12-29 03:00:00,481.0
2025-12-29 04:00:00,513.0
2025-12-29 05:00:00,508.0
2025-12-29 06:00:00,529.0
2025-12-29 07:00:00,525.0
2025-12-29 08:00:00,480.0
2025-12-29 09:00:00,504.0
2025-12-29 10:00:00,495.0
2025-12-29 11:00:00,536.0
2025-12-29 12:00:00,498.0
2025-12-29 13:00:00,509.0
2025-12-29 14:00:00,507.0
2025-12-29 15:00:00,514.0
2025-12-29 16:00:00,521.0
2025-12-29 17:00:00,522.0
2025-12-29 18:00:00,491.0
2025-12-29 19:00:00,493.0
2025-12-29 20:00:00,503.0
2025-12-29 21:00:00,507.0
2025-12-29 22:00:00,514.0
2025-12-29 23:00:00,496.0
2025-12-30 00:00:00,559.0
2025-12-30 01:00:00,497.0
2025-12-30 02:00:00,486.0
2025-12-30 03:00:00,493.0
2025-12-30 04:00:00,518.0
2025-12-30 05:00:00,525.0
2025-12-30 06:00:00,497.0
2025-12-30 07:00:00,515.0
2025-12-30 08:00:00,520.0
2025-12-30 09:00:00,518.5
2025-12-30 10:00:00,517.0
2025-12-30 11:00:00,515.0
2025-12-30 12:00:00,502.0
2025-12-30 13:00:00,507.5
2025-12-30 14:00:00,513.0
2025-12-30 15:00:00,506.0
2025-12-30 16:00:00,520.0
2025-12-30 17:00:00,520.0
2025-12-30 18:00:00,482.0
2025-12-30 19:00:00,486.0
2025-12-30 20:00:00,499.0
2025-12-30 21:00:00,503.0
2025-12-30 22:00:00,516.0
2025-12-30 23:00:00,499.0
2025-12-31 00:00:00,509.0
2025-12-31 01:00:00,481.0
2025-12-31 02:00:00,505.0
2025-12-31 03:00:00,485.0
2025-12-31 04:00:00,491.0
2025-12-31 05:00:00,500.0
2025-12-31 06:00:00,521.0
2025-12-31 07:00:00,531.0
2025-12-31 08:00:00,520.0
2025-12-31 09:00:00,539.0
2025-12-31 10:00:00,520.0
2025-12-31 11:00:00,666.0
2025-12-31 12:00:00,510.0
2025-12-31 13:00:00,498.0
2025-12-31 14:00:00,499.5
2025-12-31 15:00:00,501.0
2025-12-31 16:00:00,508.0
2025-12-31 17:00:00,497.0
2025-12-31 18:00:00,516.0
2025-12-31 19:00:00,499.0
2025-12-31 20:00:00,512.0
2025-12-31 21:00:00,514.0
2025-12-31 22:00:00,516.0
2025-12-31 23:00:00,513.0
2026-01-01 00:00:00,515.0
2026-01-01 01:00:00,514.0
2026-01-01 02:00:00,509.0
2026-01-01 03:00:00,509.0
2026-01-01 04:00:00,512.0
2026-01-01 05:00:00,513.0
2026-01-01 06:00:00,524.0
2026-01-01 07:00:00,531.0
2026-01-01 08:00:00,538.0
2026-01-01 09:00:00,529.0
2026-01-01 10:00:00,509.0
2026-01-01 11:00:00,517.0
2026-01-01 12:00:00,513.0
2026-01-01 13:00:00,515.0
2026-01-01 14:00:00,516.0
2026-01-01 15:00:00,518.0
2026-01-01 16:00:00,523.0
2026-01-01 17:00:00,549.0
2026-01-01 18:00:00,546.0
2026-01-01 19:00:00,545.0
2026-01-01 20:00:00,548.5
2026-01-01 21:00:00,552.0
2026-01-01 22:00:00,557.0
2026-01-01 23:00:00,549.0
2026-01-02 00:00:00,535.0
2026-01-02 01:00:00,518.0
2026-01-02 02:00:00,515.0
2026-01-02 03:00:00,520.0
2026-01-02 04:00:00,523.0
2026-01-02 05:00:00,524.0
2026-01-02 06:00:00,529.0
2026-01-02 07:00:00,523.0
2026-01-02 08:00:00,517.0
2026-01-02 09:00:00,521.0
2026-01-02 10:00:00,529.0
2026-01-02 11:00:00,511.0
2026-01-02 12:00:00,502.0
2026-01-02 13:00:00,513.0
2026-01-02 14:00:00,521.0
2026-01-02 15:00:00,530.0
2026-01-02 16:00:00,548.0
2026-01-02 17:00:00,549.0
2026-01-02 18:00:00,553.0
2026-01-02 19:00:00,558.0
2026-01-02 20:00:00,541.0
2026-01-02 21:00:00,549.0
2026-01-02 22:00:00,545.0
2026-01-02 23:00:00,549.0
2026-01-03 00:00:00,528.0
2026-01-03 01:00:00,521.0
2026-01-03 02:00:00,519.5
2026-01-03 03:00:00,518.0
2026-01-03 04:00:00,513.0
2026-01-03 05:00:00,521.0
2026-01-03 06:00:00,521.0
2026-01-03 07:00:00,528.0
2026-01-03 08:00:00,536.0
2026-01-03 09:00:00,535.0
2026-01-03 10:00:00,521.0
2026-01-03 11:00:00,533.0
2026-01-03 12:00:00,539.0
2026-01-03 13:00:00,529.0
2026-01-03 14:00:00,557.0
2026-01-03 15:00:00,561.0
2026-01-03 16:00:00,547.0
2026-01-03 17:00:00,548.0
2026-01-03 18:00:00,556.0
2026-01-03 19:00:00,538.0
2026-01-03 20:00:00,544.0
2026-01-03 21:00:00,539.0
2026-01-03 22:00:00,512.0
2026-01-03 23:00:00,509.0
2026-01-04 00:00:00,503.0
2026-01-04 01:00:00,510.0
2026-01-04 02:00:00,508.0
2026-01-04 03:00:00,484.0
2026-01-04 04:00:00,489.0
2026-01-04 05:00:00,497.0
2026-01-04 06:00:00,506.0
2026-01-04 07:00:00,518.0
2026-01-04 08:00:00,514.0
2026-01-04 09:00:00,518.0
2026-01-04 10:00:00,535.0
2026-01-04 11:00:00,514.0
2026-01-04 12:00:00,485.0
2026-01-04 13:00:00,509.0
2026-01-04 14:00:00,512.0
2026-01-04 15:00:00,478.0
2026-01-04 16:00:00,502.0
2026-01-04 17:00:00,493.0
2026-01-04 18:00:00,499.0
2026-01-04 19:00:00,496.0
2026-01-04 20:00:00,505.0
2026-01-04 21:00:00,498.0
2026-01-04 22:00:00,486.0
2026-01-04 23:00:00,479.0
2026-01-05 00:00:00,495.0
2026-01-05 01:00:00,487.0
2026-01-05 02:00:00,479.0
2026-01-05 03:00:00,516.0
2026-01-05 04:00:00,487.0
2026-01-05 05:00:00,503.0
2026-01-05 06:00:00,516.0
2026-01-05 07:00:00,534.0
2026-01-05 08:00:00,525.0
2026-01-05 09:00:00,504.0
2026-01-05 10:00:00,649.0
2026-01-05 11:00:00,501.0
2026-01-05 12:00:00,489.0
2026-01-05 13:00:00,496.0
2026-01-05 14:00:00,522.0
2026-01-05 15:00:00,487.0
2026-01-05 16:00:00,491.0
2026-01-05 17:00:00,529.0
2026-01-05 18:00:00,494.0
2026-01-05 19:00:00,518.0
2026-01-05 20:00:00,502.5
2026-01-05 21:00:00,487.0
2026-01-05 22:00:00,486.0
2026-01-05 23:00:00,498.0
2026-01-06 00:00:00,498.0
2026-01-06 01:00:00,504.0
2026-01-06 02:00:00,487.0
2026-01-06 03:00:00,485.0
2026-01-06 04:00:00,497.0
2026-01-06 05:00:00,520.0
2026-01-06 06:00:00,509.0
2026-01-06 07:00:00,520.0
2026-01-06 08:00:00,532.0
2026-01-06 09:00:00,568.0
2026-01-06 10:00:00,519.0
2026-01-06 11:00:00,512.0
2026-01-06 12:00:00,537.0
2026-01-06 13:00:00,481.0
2026-01-06 14:00:00,498.0
2026-01-06 15:00:00,504.0
2026-01-06 16:00:00,488.0
2026-01-06 17:00:00,498.0
2026-01-06 18:00:00,515.0
2026-01-06 19:00:00,512.0
2026-01-06 20:00:00,509.0
2026-01-06 21:00:00,500.0
2026-01-06 22:00:00,512.0
2026-01-06 23:00:00,500.0
2026-01-07 00:00:00,489.0
2026-01-07 01:00:00,512.0
2026-01-07 02:00:00,486.0
2026-01-07 03:00:00,506.0
2026-01-07 04:00:00,516.0
2026-01-07 05:00:00,541.0
2026-01-07 06:00:00,534.0
2026-01-07 07:00:00,539.0
2026-01-07 08:00:00,534.0
2026-01-07 09:00:00,537.0
2026-01-07 10:00:00,535.0
2026-01-07 11:00:00,517.0
2026-01-07 12:00:00,516.0
2026-01-07 13:00:00,526.0
2026-01-07 14:00:00,521.0
2026-01-07 15:00:00,516.0
2026-01-07 16:00:00,514.0
2026-01-07 17:00:00,521.0
2026-01-07 18:00:00,512.0
2026-01-07 19:00:00,515.0
2026-01-07 20:00:00,521.0
2026-01-07 21:00:00,521.0
2026-01-07 22:00:00,514.0
2026-01-07 23:00:00,511.0
2026-01-08 00:00:00,503.0
2026-01-08 01:00:00,519.0
2026-01-08 02:00:00,504.0
2026-01-08 03:00:00,508.0
2026-01-08 04:00:00,528.0
2026-01-08 05:00:00,535.0
2026-01-08 06:00:00,544.0
2026-01-08 07:00:00,544.0
2026-01-08 08:00:00,529.0
2026-01-08 09:00:00,539.0
2026-01-08 10:00:00,536.0
2026-01-08 11:00:00,533.0
2026-01-08 12:00:00,535.0
2026-01-08 13:00:00,509.0
2026-01-08 14:00:00,528.0
2026-01-08 15:00:00,534.0
2026-01-08 16:00:00,522.0
2026-01-08 17:00:00,531.0
2026-01-08 18:00:00,525.0
2026-01-08 19:00:00,525.0
2026-01-08 20:00:00,525.0
2026-01-08 21:00:00,528.0
2026-01-08 22:00:00,524.0
2026-01-08 23:00:00,520.0
2026-01-09 00:00:00,508.0
2026-01-09 01:00:00,515.0
2026-01-09 02:00:00,516.0
2026-01-09 03:00:00,525.0
2026-01-09 04:00:00,543.0
2026-01-09 05:00:00,532.0
2026-01-09 06:00:00,535.0
2026-01-09 07:00:00,545.0
2026-01-09 08:00:00,519.0
2026-01-09 09:00:00,525.0
2026-01-09 10:00:00,533.0
2026-01-09 11:00:00,525.0
2026-01-09 12:00:00,517.0
2026-01-09 13:00:00,530.0
2026-01-09 14:00:00,522.0
2026-01-09 15:00:00,502.0
2026-01-09 16:00:00,503.0
2026-01-09 17:00:00,496.0
2026-01-09 18:00:00,505.0
2026-01-09 19:00:00,508.0
2026-01-09 20:00:00,501.0
2026-01-09 21:00:00,508.0
2026-01-09 22:00:00,510.0
2026-01-09 23:00:00,515.0
2026-01-10 00:00:00,512.0
2026-01-10 01:00:00,506.0
2026-01-10 02:00:00,501.0
2026-01-10 03:00:00,502.0
2026-01-10 04:00:00,531.0
2026-01-10 05:00:00,531.0
2026-01-10 06:00:00,537.0
2026-01-10 07:00:00,520.0
2026-01-10 08:00:00,528.0
2026-01-10 09:00:00,529.0
2026-01-10 10:00:00,536.0
2026-01-10 11:00:00,529.0
2026-01-10 12:00:00,530.0
2026-01-10 13:00:00,539.0
2026-01-10 14:00:00,533.0
2026-01-10 15:00:00,536.0
2026-01-10 16:00:00,548.0
2026-01-10 17:00:00,542.0
2026-01-10 18:00:00,556.0
2026-01-10 19:00:00,540.0
2026-01-10 20:00:00,543.0
2026-01-10 21:00:00,541.0
2026-01-10 22:00:00,555.0
2026-01-10 23:00:00,550.0
2026-01-11 00:00:00,543.0
2026-01-11 01:00:00,535.0
2026-01-11 02:00:00,532.0
2026-01-11 03:00:00,533.0
2026-01-11 04:00:00,539.0
2026-01-11 05:00:00,534.0
2026-01-11 06:00:00,535.0
2026-01-11 07:00:00,531.0
2026-01-11 08:00:00,538.0
2026-01-11 09:00:00,519.0
2026-01-11 10:00:00,526.0
2026-01-11 11:00:00,522.0
2026-01-11 12:00:00,520.0
2026-01-11 13:00:00,530.0
2026-01-11 14:00:00,547.0
2026-01-11 15:00:00,560.0
2026-01-11 16:00:00,538.0
2026-01-11 17:00:00,532.0
2026-01-11 18:00:00,543.0
2026-01-11 19:00:00,552.0
2026-01-11 20:00:00,550.0
2026-01-11 21:00:00,552.0
2026-01-11 22:00:00,540.0
2026-01-11 23:00:00,532.0
2026-01-12 00:00:00,516.0
2026-01-12 01:00:00,519.0
2026-01-12 02:00:00,524.0
2026-01-12 03:00:00,510.0
2026-01-12 04:00:00,530.0
2026-01-12 05:00:00,536.0
2026-01-12 06:00:00,534.0
2026-01-12 07:00:00,533.0
2026-01-12 08:00:00,538.0
2026-01-12 09:00:00,530.0
2026-01-12 10:00:00,533.0
2026-01-12 11:00:00,1009.0
2026-01-12 12:00:00,1129.0
2026-01-12 13:00:00,529.0
2026-01-12 14:00:00,529.0
2026-01-12 15:00:00,512.0
2026-01-12 16:00:00,512.0
2026-01-12 17:00:00,516.0
2026-01-12 18:00:00,513.5
2026-01-12 19:00:00,511.0
2026-01-12 20:00:00,517.0
2026-01-12 21:00:00,515.0
2026-01-12 22:00:00,513.0
2026-01-12 23:00:00,511.0
2026-01-13 00:00:00,510.0
2026-01-13 01:00:00,505.0
2026-01-13 02:00:00,510.0
2026-01-13 03:00:00,535.0
2026-01-13 04:00:00,546.0
2026-01-13 05:00:00,542.0
2026-01-13 06:00:00,542.0
2026-01-13 07:00:00,532.0
2026-01-13 08:00:00,544.0
2026-01-13 09:00:00,511.0
2026-01-13 10:00:00,539.0
2026-01-13 11:00:00,517.0
2026-01-13 12:00:00,511.0
2026-01-13 13:00:00,506.0
2026-01-13 14:00:00,507.0
2026-01-13 15:00:00,506.0
2026-01-13 16:00:00,507.0
2026-01-13 17:00:00,508.0
2026-01-13 18:00:00,507.0
2026-01-13 19:00:00,514.0
2026-01-13 20:00:00,510.0
2026-01-13 21:00:00,515.5
2026-01-13 22:00:00,521.0
2026-01-13 23:00:00,520.0
2026-01-14 00:00:00,519.0
2026-01-14 01:00:00,520.0
2026-01-14 02:00:00,520.0
2026-01-14 03:00:00,538.0
2026-01-14 04:00:00,539.0
2026-01-14 05:00:00,542.0
2026-01-14 06:00:00,542.0
2026-01-14 07:00:00,1045.0
2026-01-14 08:00:00,627.0
2026-01-14 09:00:00,1061.0
2026-01-14 10:00:00,543.0
2026-01-14 11:00:00,512.0
2026-01-14 12:00:00,511.0
2026-01-14 13:00:00,503.0
2026-01-14 14:00:00,507.0
2026-01-14 15:00:00,511.0
2026-01-14 16:00:00,517.0
2026-01-14 17:00:00,520.0
2026-01-14 18:00:00,515.0
2026-01-14 19:00:00,511.5
2026-01-14 20:00:00,508.0
2026-01-14 21:00:00,515.0
2026-01-14 22:00:00,517.0
2026-01-14 23:00:00,511.0
2026-01-15 00:00:00,510.0
2026-01-15 01:00:00,510.0
2026-01-15 02:00:00,515.0
2026-01-15 03:00:00,525.0
2026-01-15 04:00:00,542.0
2026-01-15 05:00:00,536.0
2026-01-15 06:00:00,533.0
2026-01-15 07:00:00,532.0
2026-01-15 08:00:00,525.0
2026-01-15 09:00:00,540.0
2026-01-15 10:00:00,508.0
2026-01-15 11:00:00,527.0
2026-01-15 12:00:00,511.0
2026-01-15 13:00:00,513.0
2026-01-15 14:00:00,518.0
2026-01-15 15:00:00,508.0
2026-01-15 16:00:00,511.0
2026-01-15 17:00:00,511.0
2026-01-15 18:00:00,504.0
2026-01-15 19:00:00,503.0
2026-01-15 20:00:00,504.0
2026-01-15 21:00:00,516.0
2026-01-15 22:00:00,513.0
2026-01-15 23:00:00,511.0
2026-01-16 00:00:00,508.0
2026-01-16 01:00:00,510.0
2026-01-16 02:00:00,510.0
2026-01-16 03:00:00,511.0
2026-01-16 04:00:00,508.0
2026-01-16 05:00:00,521.0
2026-01-16 06:00:00,537.0
2026-01-16 07:00:00,529.0
2026-01-16 08:00:00,527.0
2026-01-16 09:00:00,539.0
2026-01-16 10:00:00,522.0
2026-01-16 11:00:00,524.0
2026-01-16 12:00:00,516.0
2026-01-16 13:00:00,503.0
2026-01-16 14:00:00,512.0
2026-01-16 15:00:00,497.0
2026-01-16 16:00:00,501.0
2026-01-16 17:00:00,509.0
2026-01-16 18:00:00,497.0
2026-01-16 19:00:00,499.0
2026-01-16 20:00:00,502.0
2026-01-16 21:00:00,499.0
2026-01-16 22:00:00,502.0
2026-01-16 23:00:00,501.0
2026-01-17 00:00:00,500.0
2026-01-17 01:00:00,497.0
2026-01-17 02:00:00,492.0
2026-01-17 03:00:00,497.0
2026-01-17 04:00:00,511.0
2026-01-17 05:00:00,525.0
2026-01-17 06:00:00,534.0
2026-01-17 07:00:00,543.0
2026-01-17 08:00:00,531.0
2026-01-17 09:00:00,544.0
2026-01-17 10:00:00,528.0
2026-01-17 11:00:00,520.0
2026-01-17 12:00:00,528.0
2026-01-17 13:00:00,506.0
2026-01-17 14:00:00,508.0
2026-01-17 15:00:00,508.0
2026-01-17 16:00:00,508.0
2026-01-17 17:00:00,507.0
2026-01-17 18:00:00,506.0
2026-01-17 19:00:00,506.0
2026-01-17 20:00:00,504.0
2026-01-17 21:00:00,504.0
2026-01-17 22:00:00,505.0
2026-01-17 23:00:00,502.0
2026-01-18 00:00:00,499.0
2026-01-18 01:00:00,493.0
2026-01-18 02:00:00,497.0
2026-01-18 03:00:00,505.0
2026-01-18 04:00:00,518.0
2026-01-18 05:00:00,528.0
2026-01-18 06:00:00,534.0
2026-01-18 07:00:00,534.0
2026-01-18 08:00:00,537.0
2026-01-18 09:00:00,534.0
2026-01-18 10:00:00,519.0
2026-01-18 11:00:00,523.0
2026-01-18 12:00:00,506.0
2026-01-18 13:00:00,507.0
2026-01-18 14:00:00,507.0
2026-01-18 15:00:00,509.0
2026-01-18 16:00:00,509.0
2026-01-18 17:00:00,509.0
2026-01-18 18:00:00,508.0
2026-01-18 19:00:00,502.0
2026-01-18 20:00:00,500.0
2026-01-18 21:00:00,502.0
2026-01-18 22:00:00,503.0
2026-01-18 23:00:00,496.0
2026-01-19 00:00:00,495.5
2026-01-19 01:00:00,495.0
2026-01-19 02:00:00,507.0
2026-01-19 03:00:00,519.0
2026-01-19 04:00:00,526.0
2026-01-19 05:00:00,534.0
2026-01-19 06:00:00,541.0
2026-01-19 07:00:00,544.0
2026-01-19 08:00:00,540.0
2026-01-19 09:00:00,544.0
2026-01-19 10:00:00,726.0
2026-01-19 11:00:00,1096.0
2026-01-19 12:00:00,554.0
2026-01-19 13:00:00,529.0
2026-01-19 14:00:00,514.0
2026-01-19 15:00:00,514.0
2026-01-19 16:00:00,519.0
2026-01-19 17:00:00,505.0
2026-01-19 18:00:00,504.0
2026-01-19 19:00:00,504.0
2026-01-19 20:00:00,504.0
2026-01-19 21:00:00,506.0
2026-01-19 22:00:00,507.0
2026-01-19 23:00:00,505.0
2026-01-20 00:00:00,497.0
2026-01-20 01:00:00,496.0
2026-01-20 02:00:00,505.0
2026-01-20 03:00:00,527.0
2026-01-20 04:00:00,533.0
2026-01-20 05:00:00,541.0
2026-01-20 06:00:00,544.0
2026-01-20 07:00:00,540.0
2026-01-20 08:00:00,542.0
2026-01-20 09:00:00,538.0
2026-01-20 10:00:00,540.0
2026-01-20 11:00:00,534.0
2026-01-20 12:00:00,523.0
2026-01-20 13:00:00,509.0
2026-01-20 14:00:00,513.0
2026-01-20 15:00:00,510.0
2026-01-20 16:00:00,508.0
2026-01-20 17:00:00,512.0
2026-01-20 18:00:00,506.0
2026-01-20 19:00:00,506.5
2026-01-20 20:00:00,507.0
2026-01-20 21:00:00,508.0
2026-01-20 22:00:00,501.0
2026-01-20 23:00:00,503.0
2026-01-21 00:00:00,498.0
2026-01-21 01:00:00,496.0
2026-01-21 02:00:00,508.0
2026-01-21 03:00:00,520.0
2026-01-21 04:00:00,532.0
2026-01-21 05:00:00,541.0
2026-01-21 06:00:00,537.0
2026-01-21 07:00:00,539.0
2026-01-21 08:00:00,533.0
2026-01-21 09:00:00,537.0
2026-01-21 10:00:00,533.0
2026-01-21 11:00:00,529.0
2026-01-21 12:00:00,525.0
2026-01-21 13:00:00,521.0
2026-01-21 14:00:00,517.0
2026-01-21 15:00:00,513.0
2026-01-21 16:00:00,512.0
2026-01-21 17:00:00,506.0
2026-01-21 18:00:00,505.0
2026-01-21 19:00:00,508.0
2026-01-21 20:00:00,524.0
2026-01-21 21:00:00,503.0
2026-01-21 22:00:00,503.0
2026-01-21 23:00:00,503.0
2026-01-22 00:00:00,503.0
2026-01-22 01:00:00,500.0
2026-01-22 02:00:00,511.0
2026-01-22 03:00:00,514.0
2026-01-22 04:00:00,531.0
2026-01-22 05:00:00,541.0
2026-01-22 06:00:00,544.0
2026-01-22 07:00:00,542.0
2026-01-22 08:00:00,543.0
2026-01-22 09:00:00,541.0
2026-01-22 10:00:00,541.0
2026-01-22 11:00:00,517.0
2026-01-22 12:00:00,515.0
2026-01-22 13:00:00,523.0
2026-01-22 14:00:00,518.0
2026-01-22 15:00:00,516.0
2026-01-22 16:00:00,514.0
2026-01-22 17:00:00,509.0
2026-01-22 18:00:00,511.0
2026-01-22 19:00:00,496.0
2026-01-22 20:00:00,515.0
2026-01-22 21:00:00,510.0
2026-01-22 22:00:00,501.0
2026-01-22 23:00:00,500.5
2026-01-23 00:00:00,500.0
2026-01-23 01:00:00,495.0
2026-01-23 02:00:00,512.0
2026-01-23 03:00:00,520.0
2026-01-23 04:00:00,520.0
2026-01-23 05:00:00,539.0
2026-01-23 06:00:00,531.0
2026-01-23 07:00:00,535.0
2026-01-23 08:00:00,534.0
2026-01-23 09:00:00,534.0
2026-01-23 10:00:00,542.0
2026-01-23 11:00:00,538.0
2026-01-23 12:00:00,520.0
2026-01-23 13:00:00,513.0
2026-01-23 14:00:00,513.0
2026-01-23 15:00:00,511.0
2026-01-23 16:00:00,505.0
2026-01-23 17:00:00,505.0
2026-01-23 18:00:00,506.0
2026-01-23 19:00:00,504.0
2026-01-23 20:00:00,513.0
2026-01-23 21:00:00,501.0
2026-01-23 22:00:00,505.0
2026-01-23 23:00:00,504.0
2026-01-24 00:00:00,502.0
2026-01-24 01:00:00,496.0
2026-01-24 02:00:00,507.0
2026-01-24 03:00:00,502.0
2026-01-24 04:00:00,513.5
2026-01-24 05:00:00,525.0
2026-01-24 06:00:00,542.0
2026-01-24 07:00:00,540.6666666666666
2026-01-24 08:00:00,539.3333333333334
2026-01-24 09:00:00,538.0
2026-01-24 10:00:00,528.0
2026-01-24 11:00:00,508.0
2026-01-24 12:00:00,507.0
2026-01-24 13:00:00,505.0
2026-01-24 14:00:00,510.0
2026-01-24 15:00:00,512.0
2026-01-24 16:00:00,510.0
2026-01-24 17:00:00,505.0
2026-01-24 18:00:00,501.0
2026-01-24 19:00:00,507.0
2026-01-24 20:00:00,508.5
2026-01-24 21:00:00,510.0
2026-01-24 22:00:00,505.0
2026-01-24 23:00:00,503.0
2026-01-25 00:00:00,499.0
2026-01-25 01:00:00,501.0
2026-01-25 02:00:00,501.0
2026-01-25 03:00:00,520.0
2026-01-25 04:00:00,497.0
2026-01-25 05:00:00,502.0
2026-01-25 06:00:00,526.0
2026-01-25 07:00:00,535.0
2026-01-25 08:00:00,534.0
2026-01-25 09:00:00,528.0
2026-01-25 10:00:00,516.0
2026-01-25 11:00:00,512.0
2026-01-25 12:00:00,511.0
2026-01-25 13:00:00,507.0
2026-01-25 14:00:00,515.0
2026-01-25 15:00:00,512.0
2026-01-25 16:00:00,509.0
2026-01-25 17:00:00,510.0
2026-01-25 18:00:00,509.0
2026-01-25 19:00:00,500.0
2026-01-25 20:00:00,502.0
2026-01-25 21:00:00,502.0
2026-01-25 22:00:00,500.0
2026-01-25 23:00:00,491.0
2026-01-26 00:00:00,501.0
2026-01-26 01:00:00,500.0
2026-01-26 02:00:00,496.0
2026-01-26 03:00:00,492.0
2026-01-26 04:00:00,494.0
2026-01-26 05:00:00,519.0
2026-01-26 06:00:00,505.0
2026-01-26 07:00:00,520.0
2026-01-26 08:00:00,531.0
2026-01-26 09:00:00,539.0
2026-01-26 10:00:00,512.0
