date,OT,is_holiday,in_CS,is_CS,is_need,is_make,is_active,is_public
2025-09-08 22:00:00,1862.0,0,0.028606965174129355,1,0,0,0,0.0
2025-09-08 23:00:00,1862.0,0,0.029228855721393034,1,0,0,0,0.0
2025-09-09 00:00:00,1775.0,0,0.029850746268656716,1,0,0,0,0.0
2025-09-09 01:00:00,1687.0,0,0.030472636815920398,1,0,0,0,0.0
2025-09-09 02:00:00,1731.0,0,0.03109452736318408,1,0,0,0,0.0
2025-09-09 03:00:00,1757.0,0,0.03171641791044776,1,0,0,0,0.0
2025-09-09 04:00:00,1705.0,0,0.03233830845771144,1,0,0,0,0.0
2025-09-09 05:00:00,1722.0,0,0.03296019900497513,1,0,0,0,0.0
2025-09-09 06:00:00,1740.0,0,0.033582089552238806,1,0,0,0,0.0
2025-09-09 07:00:00,1722.0,0,0.034203980099502485,1,0,0,0,0.0
2025-09-09 08:00:00,1652.0,0,0.03482587064676617,1,0,0,0,0.0
2025-09-09 09:00:00,1705.0,0,0.03544776119402985,1,0,0,0,0.0
2025-09-09 10:00:00,1740.0,0,0.036069651741293535,1,0,0,0,0.0
2025-09-09 11:00:00,1722.0,0,0.03669154228855721,1,0,0,0,0.0
2025-09-09 12:00:00,1705.0,0,0.03731343283582089,1,0,0,0,0.0
2025-09-09 13:00:00,1766.0,0,0.03793532338308458,1,0,0,0,0.0
2025-09-09 14:00:00,1792.0,0,0.03855721393034826,1,0,0,0,0.0
2025-09-09 15:00:00,1792.0,0,0.03917910447761194,1,0,0,0,0.0
2025-09-09 16:00:00,1827.0,0,0.03980099502487562,1,0,0,0,0.0
2025-09-09 17:00:00,1766.0,0,0.04042288557213931,1,0,0,0,0.0
2025-09-09 18:00:00,1757.0,0,0.041044776119402986,1,0,0,0,0.0
2025-09-09 19:00:00,1722.0,0,0.041666666666666664,1,0,0,0,0.0
2025-09-09 20:00:00,1792.0,0,0.04228855721393035,1,0,0,0,0.0
2025-09-09 21:00:00,1827.0,0,0.04291044776119403,1,0,0,0,0.0
2025-09-09 22:00:00,1827.0,0,0.043532338308457715,1,0,0,0,0.0
2025-09-09 23:00:00,1827.0,0,0.04415422885572139,1,0,0,0,0.0
2025-09-10 00:00:00,1713.0,0,0.04477611940298507,1,0,0,0,0.0
2025-09-10 01:00:00,1740.0,0,0.04539800995024876,1,0,0,0,0.0
2025-09-10 02:00:00,1722.0,0,0.046019900497512436,1,0,0,0,0.0
2025-09-10 03:00:00,1722.0,0,0.04664179104477612,1,0,0,0,0.0
2025-09-10 04:00:00,1757.0,0,0.0472636815920398,1,0,0,0,0.0
2025-09-10 05:00:00,1775.0,0,0.04788557213930348,1,0,0,0,0.0
2025-09-10 06:00:00,1740.0,0,0.048507462686567165,1,0,0,0,0.0
2025-09-10 07:00:00,1740.0,0,0.049129353233830844,1,0,0,0,0.0
2025-09-10 08:00:00,1635.0,0,0.04975124378109453,1,0,0,0,0.0
2025-09-10 09:00:00,1722.0,0,0.05037313432835821,1,0,0,0,0.0
2025-09-10 10:00:00,1757.0,0,0.05099502487562189,1,0,0,0,0.0
2025-09-10 11:00:00,1731.0,0,0.05161691542288557,1,0,0,0,0.0
2025-09-10 12:00:00,1757.0,0,0.05223880597014925,1,0,0,0,0.0
2025-09-10 13:00:00,1775.0,0,0.05286069651741294,1,0,0,0,0.0
2025-09-10 14:00:00,1827.0,0,0.053482587064676616,1,0,0,0,0.0
2025-09-10 15:00:00,1810.0,0,0.054104477611940295,1,0,0,0,0.0
2025-09-10 16:00:00,1827.0,0,0.05472636815920398,1,0,0,0,0.0
2025-09-10 17:00:00,1827.0,0,0.05534825870646766,1,0,0,0,0.0
2025-09-10 18:00:00,1818.0,0,0.055970149253731345,1,0,0,0,0.0
2025-09-10 19:00:00,1775.0,0,0.056592039800995024,1,0,0,0,0.0
2025-09-10 20:00:00,1827.0,0,0.05721393034825871,1,0,0,0,0.0
2025-09-10 21:00:00,1827.0,0,0.05783582089552239,1,0,0,0,0.0
2025-09-10 22:00:00,1862.0,0,0.05845771144278607,1,0,0,0,0.0
2025-09-10 23:00:00,1845.0,0,0.05907960199004975,1,0,0,0,0.0
2025-09-11 00:00:00,1853.0,0,0.05970149253731343,1,0,0,0,0.0
2025-09-11 01:00:00,1740.0,0,0.06032338308457712,1,0,0,0,0.0
2025-09-11 02:00:00,1696.0,0,0.060945273631840796,1,0,0,0,0.0
2025-09-11 03:00:00,1757.0,0,0.061567164179104475,1,0,0,0,0.0
2025-09-11 04:00:00,1722.0,0,0.06218905472636816,1,0,0,0,0.0
2025-09-11 05:00:00,1748.0,0,0.06281094527363185,1,0,0,0,0.0
2025-09-11 06:00:00,1792.0,0,0.06343283582089553,1,0,0,0,0.0
2025-09-11 07:00:00,1705.0,0,0.0640547263681592,1,0,0,0,0.0
2025-09-11 08:00:00,1713.0,0,0.06467661691542288,1,0,0,0,0.0
2025-09-11 09:00:00,1696.0,0,0.06529850746268656,1,0,0,0,0.0
2025-09-11 10:00:00,1740.0,0,0.06592039800995025,1,0,0,0,0.0
2025-09-11 11:00:00,1775.0,0,0.06654228855721393,1,0,0,0,0.0
2025-09-11 12:00:00,1766.0,0,0.06716417910447761,1,0,0,0,0.0
2025-09-11 13:00:00,1766.0,0,0.06778606965174129,1,0,0,0,0.0
2025-09-11 14:00:00,1801.0,0,0.06840796019900497,1,0,0,0,0.0
2025-09-11 15:00:00,1810.0,0,0.06902985074626866,1,0,0,0,0.0
2025-09-11 16:00:00,1827.0,0,0.06965174129353234,1,0,0,0,0.0
2025-09-11 17:00:00,1862.0,0,0.07027363184079602,1,0,0,0,0.0
2025-09-11 18:00:00,1818.0,0,0.0708955223880597,1,0,0,0,0.0
2025-09-11 19:00:00,1818.0,0,0.07151741293532338,1,0,0,0,0.0
2025-09-11 20:00:00,1862.0,0,0.07213930348258707,1,0,0,0,0.0
2025-09-11 21:00:00,1862.0,0,0.07276119402985075,1,0,0,0,0.0
2025-09-11 22:00:00,1845.0,0,0.07338308457711443,1,0,0,0,0.0
2025-09-11 23:00:00,1897.0,0,0.0740049751243781,1,0,0,0,0.0
2025-09-12 00:00:00,1670.0,0,0.07462686567164178,1,0,0,0,0.0
2025-09-12 01:00:00,1705.0,0,0.07524875621890548,1,0,0,0,0.0
2025-09-12 02:00:00,1722.0,0,0.07587064676616916,1,0,0,0,0.0
2025-09-12 03:00:00,1757.0,0,0.07649253731343283,1,0,0,0,0.0
2025-09-12 04:00:00,1757.0,0,0.07711442786069651,1,0,0,0,0.0
2025-09-12 05:00:00,1722.0,0,0.07773631840796019,1,0,0,0,0.0
2025-09-12 06:00:00,1775.0,0,0.07835820895522388,1,0,0,0,0.0
2025-09-12 07:00:00,1740.0,0,0.07898009950248756,1,0,0,0,0.0
2025-09-12 08:00:00,1652.0,0,0.07960199004975124,1,0,0,0,0.0
2025-09-12 09:00:00,1687.0,0,0.08022388059701492,1,0,0,0,0.0
2025-09-12 10:00:00,1748.0,0,0.08084577114427861,1,0,0,0,0.0
2025-09-12 11:00:00,1766.0,0,0.08146766169154229,1,0,0,0,0.0
2025-09-12 12:00:00,1783.0,0,0.08208955223880597,1,0,0,0,0.0
2025-09-12 13:00:00,1792.0,0,0.08271144278606965,1,0,0,0,0.0
2025-09-12 14:00:00,1766.0,0,0.08333333333333333,1,0,0,0,0.0
2025-09-12 15:00:00,1827.0,0,0.08395522388059702,1,0,0,0,0.0
2025-09-12 16:00:00,1853.0,0,0.0845771144278607,1,0,0,0,0.0
2025-09-12 17:00:00,1845.0,0,0.08519900497512438,1,0,0,0,0.0
2025-09-12 18:00:00,1845.0,0,0.08582089552238806,1,0,0,0,0.0
2025-09-12 19:00:00,1827.0,0,0.08644278606965174,1,0,0,0,0.0
2025-09-12 20:00:00,1880.0,0,0.08706467661691543,1,0,0,0,0.0
2025-09-12 21:00:00,1897.0,0,0.08768656716417911,1,0,0,0,0.0
2025-09-12 22:00:00,1897.0,0,0.08830845771144279,1,0,0,0,0.0
2025-09-12 23:00:00,1897.0,0,0.08893034825870647,1,0,0,0,0.0
2025-09-13 00:00:00,1827.0,1,0.08955223880597014,1,0,0,0,0.0
2025-09-13 01:00:00,1722.0,1,0.09017412935323384,1,0,0,0,0.0
2025-09-13 02:00:00,1792.0,1,0.09079601990049752,1,0,0,0,0.0
2025-09-13 03:00:00,1792.0,1,0.0914179104477612,1,0,0,0,0.0
2025-09-13 04:00:00,1792.0,1,0.09203980099502487,1,0,0,0,0.0
2025-09-13 05:00:00,1766.0,1,0.09266169154228855,1,0,0,0,0.0
2025-09-13 06:00:00,1792.0,1,0.09328358208955224,1,0,0,0,0.0
2025-09-13 07:00:00,1748.0,1,0.09390547263681592,1,0,0,0,0.0
2025-09-13 08:00:00,1810.0,1,0.0945273631840796,1,0,0,0,0.0
2025-09-13 09:00:00,1827.0,1,0.09514925373134328,1,0,0,0,0.0
2025-09-13 10:00:00,1818.0,1,0.09577114427860696,1,0,0,0,0.0
2025-09-13 11:00:00,1810.0,1,0.09639303482587065,1,0,0,0,0.0
2025-09-13 12:00:00,1845.0,1,0.09701492537313433,1,0,0,0,0.0
2025-09-13 13:00:00,1862.0,1,0.09763681592039801,1,0,0,0,0.0
2025-09-13 14:00:00,1836.0,1,0.09825870646766169,1,0,0,0,0.0
2025-09-13 15:00:00,1932.0,1,0.09888059701492537,1,0,0,0,0.0
2025-09-13 16:00:00,1915.0,1,0.09950248756218906,1,0,0,0,0.0
2025-09-13 17:00:00,1906.0,1,0.10012437810945274,1,0,0,0,0.0
2025-09-13 18:00:00,1967.0,1,0.10074626865671642,1,0,0,0,0.0
2025-09-13 19:00:00,1958.0,1,0.1013681592039801,1,0,0,0,0.0
2025-09-13 20:00:00,1932.0,1,0.10199004975124377,1,0,0,0,0.0
2025-09-13 21:00:00,1967.0,1,0.10261194029850747,1,0,0,0,0.0
2025-09-13 22:00:00,1967.0,1,0.10323383084577115,1,0,0,0,0.0
2025-09-13 23:00:00,2002.0,1,0.10385572139303482,1,0,0,0,0.0
2025-09-14 00:00:00,1985.0,1,0.1044776119402985,1,0,0,0,0.0
2025-09-14 01:00:00,1757.0,1,0.10509950248756218,1,0,0,0,0.0
2025-09-14 02:00:00,1792.0,1,0.10572139303482588,1,0,0,0,0.0
2025-09-14 03:00:00,1757.0,1,0.10634328358208955,1,0,0,0,0.0
2025-09-14 04:00:00,1775.0,1,0.10696517412935323,1,0,0,0,0.0
2025-09-14 05:00:00,1827.0,1,0.10758706467661691,1,0,0,0,0.0
2025-09-14 06:00:00,1818.0,1,0.10820895522388059,1,0,0,0,0.0
2025-09-14 07:00:00,1818.0,1,0.10883084577114428,1,0,0,0,0.0
2025-09-14 08:00:00,1818.0,1,0.10945273631840796,1,0,0,0,0.0
2025-09-14 09:00:00,1827.0,1,0.11007462686567164,1,0,0,0,0.0
2025-09-14 10:00:00,1836.0,1,0.11069651741293532,1,0,0,0,0.0
2025-09-14 11:00:00,1836.0,1,0.11131840796019901,1,0,0,0,0.0
2025-09-14 12:00:00,1897.0,1,0.11194029850746269,1,0,0,0,0.0
2025-09-14 13:00:00,1897.0,1,0.11256218905472637,1,0,0,0,0.0
2025-09-14 14:00:00,1897.0,1,0.11318407960199005,1,0,0,0,0.0
2025-09-14 15:00:00,1932.0,1,0.11380597014925373,1,0,0,0,0.0
2025-09-14 16:00:00,1967.0,1,0.11442786069651742,1,0,0,0,0.0
2025-09-14 17:00:00,1967.0,1,0.1150497512437811,1,0,0,0,0.0
2025-09-14 18:00:00,1967.0,1,0.11567164179104478,1,0,0,0,0.0
2025-09-14 19:00:00,1967.0,1,0.11629353233830846,1,0,0,0,0.0
2025-09-14 20:00:00,1967.0,1,0.11691542288557213,1,0,0,0,0.0
2025-09-14 21:00:00,1967.0,1,0.11753731343283583,1,0,0,0,0.0
2025-09-14 22:00:00,2002.0,1,0.1181592039800995,1,0,0,0,0.0
2025-09-14 23:00:00,1976.0,1,0.11878109452736318,1,0,0,0,0.0
2025-09-15 00:00:00,1915.0,0,0.11940298507462686,1,0,0,0,0.0
2025-09-15 01:00:00,1757.0,0,0.12002487562189054,1,0,0,0,0.0
2025-09-15 02:00:00,1783.0,0,0.12064676616915423,1,0,0,0,0.0
2025-09-15 03:00:00,1792.0,0,0.12126865671641791,1,0,0,0,0.0
2025-09-15 04:00:00,1792.0,0,0.12189054726368159,1,0,0,0,0.0
2025-09-15 05:00:00,1810.0,0,0.12251243781094527,1,0,0,0,0.0
2025-09-15 06:00:00,1801.0,0,0.12313432835820895,1,0,0,0,0.0
2025-09-15 07:00:00,1722.0,0,0.12375621890547264,1,0,0,0,0.0
2025-09-15 08:00:00,1687.0,0,0.12437810945273632,1,0,0,0,0.0
2025-09-15 09:00:00,1775.0,0,0.125,1,0,0,0,0.0
2025-09-15 10:00:00,1792.0,0,0.1256218905472637,1,0,0,0,0.0
2025-09-15 11:00:00,1775.0,0,0.12624378109452736,1,0,0,0,0.0
2025-09-15 12:00:00,1766.0,0,0.12686567164179105,1,0,0,0,0.0
2025-09-15 13:00:00,1827.0,0,0.12748756218905472,1,0,0,0,0.0
2025-09-15 14:00:00,1827.0,0,0.1281094527363184,1,0,0,0,0.0
2025-09-15 15:00:00,1853.0,0,0.1287313432835821,1,0,0,0,0.0
2025-09-15 16:00:00,1862.0,0,0.12935323383084577,1,0,0,0,0.0
2025-09-15 17:00:00,1862.0,0,0.12997512437810946,1,0,0,0,0.0
2025-09-15 18:00:00,1897.0,0,0.13059701492537312,1,0,0,0,0.0
2025-09-15 19:00:00,1897.0,0,0.13121890547263682,1,0,0,0,0.0
2025-09-15 20:00:00,1897.0,0,0.1318407960199005,1,0,0,0,0.0
2025-09-15 21:00:00,1932.0,0,0.13246268656716417,1,0,0,0,0.0
2025-09-15 22:00:00,1967.0,0,0.13308457711442787,1,0,0,0,0.0
2025-09-15 23:00:00,1941.0,0,0.13370646766169153,1,0,0,0,0.0
2025-09-16 00:00:00,1958.0,0,0.13432835820895522,1,0,0,0,0.0
2025-09-16 01:00:00,1722.0,0,0.13495024875621892,1,0,0,0,0.0
2025-09-16 02:00:00,1740.0,0,0.13557213930348258,1,0,0,0,0.0
2025-09-16 03:00:00,1827.0,0,0.13619402985074627,1,0,0,0,0.0
2025-09-16 04:00:00,1810.0,0,0.13681592039800994,1,0,0,0,0.0
2025-09-16 05:00:00,1862.0,0,0.13743781094527363,1,0,0,0,0.0
2025-09-16 06:00:00,1853.0,0,0.13805970149253732,1,0,0,0,0.0
2025-09-16 07:00:00,1783.0,0,0.138681592039801,1,0,0,0,0.0
2025-09-16 08:00:00,1783.0,0,0.13930348258706468,1,0,0,0,0.0
2025-09-16 09:00:00,1766.0,0,0.13992537313432835,1,0,0,0,0.0
2025-09-16 10:00:00,1845.0,0,0.14054726368159204,1,0,0,0,0.0
2025-09-16 11:00:00,1862.0,0,0.14116915422885573,1,0,0,0,0.0
2025-09-16 12:00:00,1853.0,0,0.1417910447761194,1,0,0,0,0.0
2025-09-16 13:00:00,1871.0,0,0.1424129353233831,1,0,0,0,0.0
2025-09-16 14:00:00,1897.0,0,0.14303482587064675,1,0,0,0,0.0
2025-09-16 15:00:00,1897.0,0,0.14365671641791045,1,0,0,0,0.0
2025-09-16 16:00:00,1932.0,0,0.14427860696517414,1,0,0,0,0.0
2025-09-16 17:00:00,1915.0,0,0.1449004975124378,1,0,0,0,0.0
2025-09-16 18:00:00,1967.0,0,0.1455223880597015,1,0,0,0,0.0
2025-09-16 19:00:00,1967.0,0,0.14614427860696516,1,0,0,0,0.0
2025-09-16 20:00:00,1967.0,0,0.14676616915422885,1,0,0,0,0.0
2025-09-16 21:00:00,2011.0,0,0.14738805970149255,1,0,0,0,0.0
2025-09-16 22:00:00,2055.0,0,0.1480099502487562,1,0,0,0,0.0
2025-09-16 23:00:00,2107.0,0,0.1486318407960199,1,0,0,0,0.0
2025-09-17 00:00:00,1836.0,0,0.14925373134328357,1,0,0,0,0.0
2025-09-17 01:00:00,1792.0,0,0.14987562189054726,1,0,0,0,0.0
2025-09-17 02:00:00,1792.0,0,0.15049751243781095,1,0,0,0,0.0
2025-09-17 03:00:00,1792.0,0,0.15111940298507462,1,0,0,0,0.0
2025-09-17 04:00:00,1792.0,0,0.1517412935323383,1,0,0,0,0.0
2025-09-17 05:00:00,1836.0,0,0.15236318407960198,1,0,0,0,0.0
2025-09-17 06:00:00,1897.0,0,0.15298507462686567,1,0,0,0,0.0
2025-09-17 07:00:00,1923.0,0,0.15360696517412936,1,0,0,0,0.0
2025-09-17 08:00:00,1871.0,0,0.15422885572139303,1,0,0,0,0.0
2025-09-17 09:00:00,1932.0,0,0.15485074626865672,1,0,0,0,0.0
2025-09-17 10:00:00,1932.0,0,0.15547263681592038,1,0,0,0,0.0
2025-09-17 11:00:00,1958.0,0,0.15609452736318408,1,0,0,0,0.0
2025-09-17 12:00:00,1967.0,0,0.15671641791044777,1,0,0,0,0.0
2025-09-17 13:00:00,2055.0,0,0.15733830845771143,1,0,0,0,0.0
2025-09-17 14:00:00,2142.0,0,0.15796019900497513,1,0,0,0,0.0
2025-09-17 15:00:00,2247.0,0,0.15858208955223882,1,0,0,0,0.0
2025-09-17 16:00:00,2326.0,0,0.15920398009950248,1,0,0,0,0.0
2025-09-17 17:00:00,2352.0,0,0.15982587064676618,1,0,0,0,0.0
2025-09-17 18:00:00,2335.0,0,0.16044776119402984,1,0,0,0,0.0
2025-09-17 19:00:00,2352.0,0,0.16106965174129353,1,0,0,0,0.0
2025-09-17 20:00:00,2387.0,0,0.16169154228855723,1,0,0,0,0.0
2025-09-17 21:00:00,2370.0,0,0.1623134328358209,1,0,0,0,0.0
2025-09-17 22:00:00,2422.0,0,0.16293532338308458,1,0,0,0,0.0
2025-09-17 23:00:00,2405.0,0,0.16355721393034825,1,0,0,0,0.0
2025-09-18 00:00:00,2396.0,0,0.16417910447761194,1,0,0,0,0.0
2025-09-18 01:00:00,1915.0,0,0.16480099502487564,1,0,0,0,0.0
2025-09-18 02:00:00,1818.0,0,0.1654228855721393,1,0,0,0,0.0
2025-09-18 03:00:00,1862.0,0,0.166044776119403,1,0,0,0,0.0
2025-09-18 04:00:00,1932.0,0,0.16666666666666666,1,0,0,0,0.0
2025-09-18 05:00:00,1967.0,0,0.16728855721393035,1,0,0,0,0.0
2025-09-18 06:00:00,1976.0,0,0.16791044776119404,1,0,0,0,0.0
2025-09-18 07:00:00,1932.0,0,0.1685323383084577,1,0,0,0,0.0
2025-09-18 08:00:00,2002.0,0,0.1691542288557214,1,0,0,0,0.0
2025-09-18 09:00:00,1967.0,0,0.16977611940298507,1,0,0,0,0.0
2025-09-18 10:00:00,2098.0,0,0.17039800995024876,1,0,0,0,0.0
2025-09-18 11:00:00,2168.0,0,0.17101990049751245,1,0,0,0,0.0
2025-09-18 12:00:00,2177.0,0,0.17164179104477612,1,0,0,0,0.0
2025-09-18 13:00:00,2238.0,0,0.1722636815920398,1,0,0,0,0.0
2025-09-18 14:00:00,2317.0,0,0.17288557213930347,1,0,0,0,0.0
2025-09-18 15:00:00,2352.0,0,0.17350746268656717,1,0,0,0,0.0
2025-09-18 16:00:00,2387.0,0,0.17412935323383086,1,0,0,0,0.0
2025-09-18 17:00:00,2422.0,0,0.17475124378109452,1,0,0,0,0.0
2025-09-18 18:00:00,2527.0,0,0.17537313432835822,1,0,0,0,0.0
2025-09-18 19:00:00,2527.0,0,0.17599502487562188,1,0,0,0,0.0
2025-09-18 20:00:00,2562.0,0,0.17661691542288557,1,0,0,0,0.0
2025-09-18 21:00:00,2606.0,0,0.17723880597014927,1,0,0,0,0.0
2025-09-18 22:00:00,2632.0,0,0.17786069651741293,1,0,0,0,0.0
2025-09-18 23:00:00,2632.0,0,0.17848258706467662,1,0,0,0,0.0
2025-09-19 00:00:00,2282.0,0,0.1791044776119403,1,0,0,0,0.0
2025-09-19 01:00:00,2098.0,0,0.17972636815920398,1,0,0,0,0.0
2025-09-19 02:00:00,1985.0,0,0.18034825870646767,1,0,0,0,0.0
2025-09-19 03:00:00,1915.0,0,0.18097014925373134,1,0,0,0,0.0
2025-09-19 04:00:00,1941.0,0,0.18159203980099503,1,0,0,0,0.0
2025-09-19 05:00:00,1941.0,0,0.1822139303482587,1,0,0,0,0.0
2025-09-19 06:00:00,2002.0,0,0.1828358208955224,1,0,0,0,0.0
2025-09-19 07:00:00,2055.0,0,0.18345771144278608,1,0,0,0,0.0
2025-09-19 08:00:00,2107.0,0,0.18407960199004975,1,0,0,0,0.0
2025-09-19 09:00:00,2037.0,0,0.18470149253731344,1,0,0,0,0.0
2025-09-19 10:00:00,2090.0,0,0.1853233830845771,1,0,0,0,0.0
2025-09-19 11:00:00,2107.0,0,0.1859452736318408,1,0,0,0,0.0
2025-09-19 12:00:00,2142.0,0,0.1865671641791045,1,0,0,0,0.0
2025-09-19 13:00:00,2160.0,0,0.18718905472636815,1,0,0,0,0.0
2025-09-19 14:00:00,2186.0,0,0.18781094527363185,1,0,0,0,0.0
2025-09-19 15:00:00,2212.0,0,0.1884328358208955,1,0,0,0,0.0
2025-09-19 16:00:00,2265.0,0,0.1890547263681592,1,0,0,0,0.0
2025-09-19 17:00:00,2291.0,0,0.1896766169154229,1,0,0,0,0.0
2025-09-19 18:00:00,2265.0,0,0.19029850746268656,1,0,0,0,0.0
2025-09-19 19:00:00,2308.0,0,0.19092039800995025,1,0,0,0,0.0
2025-09-19 20:00:00,2317.0,0,0.19154228855721392,1,0,0,0,0.0
2025-09-19 21:00:00,2335.0,0,0.1921641791044776,1,0,0,0,0.0
2025-09-19 22:00:00,2352.0,0,0.1927860696517413,1,0,0,0,0.0
2025-09-19 23:00:00,2370.0,0,0.19340796019900497,1,0,0,0,0.0
2025-09-20 00:00:00,2125.0,1,0.19402985074626866,1,0,0,0,0.0
2025-09-20 01:00:00,1993.0,1,0.19465174129353233,1,0,0,0,0.0
2025-09-20 02:00:00,1827.0,1,0.19527363184079602,1,0,0,0,0.0
2025-09-20 03:00:00,1932.0,1,0.1958955223880597,1,0,0,0,0.0
2025-09-20 04:00:00,1923.0,1,0.19651741293532338,1,0,0,0,0.0
2025-09-20 05:00:00,1932.0,1,0.19713930348258707,1,0,0,0,0.0
2025-09-20 06:00:00,1958.0,1,0.19776119402985073,1,0,0,0,0.0
2025-09-20 07:00:00,1950.0,1,0.19838308457711443,1,0,0,0,0.0
2025-09-20 08:00:00,1906.0,1,0.19900497512437812,1,0,0,0,0.0
2025-09-20 09:00:00,1993.0,1,0.19962686567164178,1,0,0,0,0.0
2025-09-20 10:00:00,1985.0,1,0.20024875621890548,1,0,0,0,0.0
2025-09-20 11:00:00,2011.0,1,0.20087064676616914,1,0,0,0,0.0
2025-09-20 12:00:00,2107.0,1,0.20149253731343283,1,0,0,0,0.0
2025-09-20 13:00:00,2151.0,1,0.20211442786069653,1,0,0,0,0.0
2025-09-20 14:00:00,2195.0,1,0.2027363184079602,1,0,0,0,0.0
2025-09-20 15:00:00,2247.0,1,0.20335820895522388,1,0,0,0,0.0
2025-09-20 16:00:00,2282.0,1,0.20398009950248755,1,0,0,0,0.0
2025-09-20 17:00:00,2317.0,1,0.20460199004975124,1,0,0,0,0.0
2025-09-20 18:00:00,2265.0,1,0.20522388059701493,1,0,0,0,0.0
2025-09-20 19:00:00,2317.0,1,0.2058457711442786,1,0,0,0,0.0
2025-09-20 20:00:00,2317.0,1,0.2064676616915423,1,0,0,0,0.0
2025-09-20 21:00:00,2317.0,1,0.20708955223880596,1,0,0,0,0.0
2025-09-20 22:00:00,2317.0,1,0.20771144278606965,1,0,0,0,0.0
2025-09-20 23:00:00,2317.0,1,0.20833333333333334,1,0,0,0,0.0
2025-09-21 00:00:00,2317.0,1,0.208955223880597,1,0,0,0,0.0
2025-09-21 01:00:00,2002.0,1,0.2095771144278607,1,0,0,0,0.0
2025-09-21 02:00:00,1888.0,1,0.21019900497512436,1,0,0,0,0.0
2025-09-21 03:00:00,1915.0,1,0.21082089552238806,1,0,0,0,0.0
2025-09-21 04:00:00,1932.0,1,0.21144278606965175,1,0,0,0,0.0
2025-09-21 05:00:00,1967.0,1,0.21206467661691542,1,0,0,0,0.0
2025-09-21 06:00:00,1932.0,1,0.2126865671641791,1,0,0,0,0.0
2025-09-21 07:00:00,1967.0,1,0.21330845771144277,1,0,0,0,0.0
2025-09-21 08:00:00,1941.0,1,0.21393034825870647,1,0,0,0,0.0
2025-09-21 09:00:00,1976.0,1,0.21455223880597016,1,0,0,0,0.0
2025-09-21 10:00:00,2002.0,1,0.21517412935323382,1,0,0,0,0.0
2025-09-21 11:00:00,2020.0,1,0.21579601990049752,1,0,0,0,0.0
2025-09-21 12:00:00,2090.0,1,0.21641791044776118,1,0,0,0,0.0
2025-09-21 13:00:00,2142.0,1,0.21703980099502487,1,0,0,0,0.0
2025-09-21 14:00:00,2177.0,1,0.21766169154228857,1,0,0,0,0.0
2025-09-21 15:00:00,2212.0,1,0.21828358208955223,1,0,0,0,0.0
2025-09-21 16:00:00,2247.0,1,0.21890547263681592,1,0,0,0,0.0
2025-09-21 17:00:00,2247.0,1,0.21952736318407962,1,0,0,0,0.0
2025-09-21 18:00:00,2247.0,1,0.22014925373134328,1,0,0,0,0.0
2025-09-21 19:00:00,2107.0,1,0.22077114427860697,1,0,0,0,0.0
2025-09-21 20:00:00,2142.0,1,0.22139303482587064,1,0,0,0,0.0
2025-09-21 21:00:00,2142.0,1,0.22201492537313433,1,0,0,0,0.0
2025-09-21 22:00:00,2177.0,1,0.22263681592039802,1,0,0,0,0.0
2025-09-21 23:00:00,2142.0,1,0.2232587064676617,1,0,0,0,0.0
2025-09-22 00:00:00,2098.0,0,0.22388059701492538,1,0,0,0,0.0
2025-09-22 01:00:00,1871.0,0,0.22450248756218905,1,0,0,0,0.0
2025-09-22 02:00:00,1818.0,0,0.22512437810945274,1,0,0,0,0.0
2025-09-22 03:00:00,1862.0,0,0.22574626865671643,1,0,0,0,0.0
2025-09-22 04:00:00,1836.0,0,0.2263681592039801,1,0,0,0,0.0
2025-09-22 05:00:00,1862.0,0,0.2269900497512438,1,0,0,0,0.0
2025-09-22 06:00:00,1897.0,0,0.22761194029850745,1,0,0,0,0.0
2025-09-22 07:00:00,1880.0,0,0.22823383084577115,1,0,0,0,0.0
2025-09-22 08:00:00,1810.0,0,0.22885572139303484,1,0,0,0,0.0
2025-09-22 09:00:00,1871.0,0,0.2294776119402985,1,0,0,0,0.0
2025-09-22 10:00:00,1862.0,0,0.2300995024875622,1,0,0,0,0.0
2025-09-22 11:00:00,1871.0,0,0.23072139303482586,1,0,0,0,0.0
2025-09-22 12:00:00,1871.0,0,0.23134328358208955,1,0,0,0,0.0
2025-09-22 13:00:00,1932.0,0,0.23196517412935325,1,0,0,0,0.0
2025-09-22 14:00:00,1932.0,0,0.2325870646766169,1,0,0,0,0.0
2025-09-22 15:00:00,1932.0,0,0.2332089552238806,1,0,0,0,0.0
2025-09-22 16:00:00,1941.0,0,0.23383084577114427,1,0,0,0,0.0
2025-09-22 17:00:00,1967.0,0,0.23445273631840796,1,0,0,0,0.0
2025-09-22 18:00:00,1967.0,0,0.23507462686567165,1,0,0,0,0.0
2025-09-22 19:00:00,1941.0,0,0.23569651741293532,1,0,0,0,0.0
2025-09-22 20:00:00,1941.0,0,0.236318407960199,1,0,0,0,0.0
2025-09-22 21:00:00,2002.0,0,0.23694029850746268,1,0,0,0,0.0
2025-09-22 22:00:00,2020.0,0,0.23756218905472637,1,0,0,0,0.0
2025-09-22 23:00:00,2072.0,0,0.23818407960199006,1,0,0,0,0.0
2025-09-23 00:00:00,2055.0,0,0.23880597014925373,1,0,0,0,0.0
2025-09-23 01:00:00,1853.0,0,0.23942786069651742,1,0,0,0,0.0
2025-09-23 02:00:00,1827.0,0,0.24004975124378108,1,0,0,0,0.0
2025-09-23 03:00:00,1880.0,0,0.24067164179104478,1,0,0,0,0.0
2025-09-23 04:00:00,1827.0,0,0.24129353233830847,1,0,0,0,0.0
2025-09-23 05:00:00,1897.0,0,0.24191542288557213,1,0,0,0,0.0
2025-09-23 06:00:00,1897.0,0,0.24253731343283583,1,0,0,0,0.0
2025-09-23 07:00:00,1862.0,0,0.2431592039800995,1,0,0,0,0.0
2025-09-23 08:00:00,1818.0,0,0.24378109452736318,1,0,0,0,0.0
2025-09-23 09:00:00,1915.0,0,0.24440298507462688,1,0,0,0,0.0
2025-09-23 10:00:00,1897.0,0,0.24502487562189054,1,0,0,0,0.0
2025-09-23 11:00:00,1958.0,0,0.24564676616915423,1,0,0,0,0.0
2025-09-23 12:00:00,1941.0,0,0.2462686567164179,1,0,0,0,0.0
2025-09-23 13:00:00,1985.0,0,0.2468905472636816,1,0,0,0,0.0
2025-09-23 14:00:00,2002.0,0,0.24751243781094528,1,0,0,0,0.0
2025-09-23 15:00:00,1993.0,0,0.24813432835820895,1,0,0,0,0.0
2025-09-23 16:00:00,2125.0,0,0.24875621890547264,1,0,0,0,0.0
2025-09-23 17:00:00,2142.0,0,0.2493781094527363,1,0,0,0,0.0
2025-09-23 18:00:00,2212.0,0,0.25,1,0,0,0,0.0
2025-09-23 19:00:00,2203.0,0,0.2506218905472637,1,0,0,0,0.0
2025-09-23 20:00:00,2212.0,0,0.2512437810945274,1,0,0,0,0.0
2025-09-23 21:00:00,2247.0,0,0.251865671641791,1,0,0,0,0.0
2025-09-23 22:00:00,2317.0,0,0.2524875621890547,1,0,0,0,0.0
2025-09-23 23:00:00,2317.0,0,0.2531094527363184,1,0,0,0,0.0
2025-09-24 00:00:00,2317.0,0,0.2537313432835821,1,0,0,0,0.0
2025-09-24 01:00:00,2002.0,0,0.2543532338308458,1,0,0,0,0.0
2025-09-24 02:00:00,1827.0,0,0.25497512437810943,1,0,0,0,0.0
2025-09-24 03:00:00,1915.0,0,0.2555970149253731,1,0,0,0,0.0
2025-09-24 04:00:00,1915.0,0,0.2562189054726368,1,0,0,0,0.0
2025-09-24 05:00:00,1967.0,0,0.2568407960199005,1,0,0,0,0.0
2025-09-24 06:00:00,1950.0,0,0.2574626865671642,1,0,0,0,0.0
2025-09-24 07:00:00,1967.0,0,0.25808457711442784,1,0,0,0,0.0
2025-09-24 08:00:00,1950.0,0,0.25870646766169153,1,0,0,0,0.0
2025-09-24 09:00:00,2002.0,0,0.2593283582089552,1,0,0,0,0.0
2025-09-24 10:00:00,2002.0,0,0.2599502487562189,1,0,0,0,0.0
2025-09-24 11:00:00,2055.0,0,0.2605721393034826,1,0,0,0,0.0
2025-09-24 12:00:00,2116.0,0,0.26119402985074625,1,0,0,0,0.0
2025-09-24 13:00:00,2168.0,0,0.26181592039800994,1,0,0,0,0.0
2025-09-24 14:00:00,2195.0,0,0.26243781094527363,1,0,0,0,0.0
2025-09-24 15:00:00,2230.0,0,0.2630597014925373,1,0,0,0,0.0
2025-09-24 16:00:00,2282.0,0,0.263681592039801,1,0,0,0,0.0
2025-09-24 17:00:00,2291.0,0,0.26430348258706465,1,0,0,0,0.0
2025-09-24 18:00:00,2291.0,0,0.26492537313432835,1,0,0,0,0.0
2025-09-24 19:00:00,2317.0,0,0.26554726368159204,1,0,0,0,0.0
2025-09-24 20:00:00,2317.0,0,0.26616915422885573,1,0,0,0,0.0
2025-09-24 21:00:00,2317.0,0,0.2667910447761194,1,0,0,0,0.0
2025-09-24 22:00:00,2317.0,0,0.26741293532338306,1,0,0,0,0.0
2025-09-24 23:00:00,2335.0,0,0.26803482587064675,1,0,0,0,0.0
2025-09-25 00:00:00,2326.0,0,0.26865671641791045,1,0,0,0,0.0
2025-09-25 01:00:00,2055.0,0,0.26927860696517414,1,0,0,0,0.0
2025-09-25 02:00:00,2090.0,0,0.26990049751243783,1,0,0,0,0.0
2025-09-25 03:00:00,2011.0,0,0.27052238805970147,1,0,0,0,0.0
2025-09-25 04:00:00,1862.0,0,0.27114427860696516,1,0,0,0,0.0
2025-09-25 05:00:00,2028.0,0,0.27176616915422885,1,0,0,0,0.0
2025-09-25 06:00:00,2095.0,0,0.27238805970149255,1,0,0,0,0.0
2025-09-25 07:00:00,2142.0,0,0.27300995024875624,1,0,0,0,0.0
2025-09-25 08:00:00,2028.0,0,0.2736318407960199,1,0,0,0,0.0
2025-09-25 09:00:00,2090.0,0,0.27425373134328357,1,0,0,0,0.0
2025-09-25 10:00:00,2125.0,0,0.27487562189054726,1,0,0,0,0.0
2025-09-25 11:00:00,2142.0,0,0.27549751243781095,1,0,0,0,0.0
2025-09-25 12:00:00,2177.0,0,0.27611940298507465,1,0,0,0,0.0
2025-09-25 13:00:00,2151.0,0,0.2767412935323383,1,0,0,0,0.0
2025-09-25 14:00:00,2212.0,0,0.277363184079602,1,0,0,0,0.0
2025-09-25 15:00:00,2238.0,0,0.27798507462686567,1,0,0,0,0.0
2025-09-25 16:00:00,2247.0,0,0.27860696517412936,1,0,0,0,0.0
2025-09-25 17:00:00,2282.0,0,0.27922885572139305,1,0,0,0,0.0
2025-09-25 18:00:00,2256.0,0,0.2798507462686567,1,0,0,0,0.0
2025-09-25 19:00:00,2282.0,0,0.2804726368159204,1,0,0,0,0.0
2025-09-25 20:00:00,2282.0,0,0.2810945273631841,1,0,0,0,0.0
2025-09-25 21:00:00,2282.0,0,0.28171641791044777,1,0,0,0,0.0
2025-09-25 22:00:00,2317.0,0,0.28233830845771146,1,0,0,0,0.0
2025-09-25 23:00:00,2300.0,0,0.2829601990049751,1,0,0,0,0.0
2025-09-26 00:00:00,2282.0,0,0.2835820895522388,1,0,0,0,0.0
2025-09-26 01:00:00,2011.0,0,0.2842039800995025,1,0,0,0,0.0
2025-09-26 02:00:00,1985.0,0,0.2848258706467662,1,0,0,0,0.0
2025-09-26 03:00:00,1958.0,0,0.28544776119402987,1,0,0,0,0.0
2025-09-26 04:00:00,1950.0,0,0.2860696517412935,1,0,0,0,0.0
2025-09-26 05:00:00,1958.0,0,0.2866915422885572,1,0,0,0,0.0
2025-09-26 06:00:00,2011.0,0,0.2873134328358209,1,0,0,0,0.0
2025-09-26 07:00:00,2020.0,0,0.2879353233830846,1,0,0,0,0.0
2025-09-26 08:00:00,1985.0,0,0.2885572139303483,1,0,0,0,0.0
2025-09-26 09:00:00,1950.0,0,0.2891791044776119,1,0,0,0,0.0
2025-09-26 10:00:00,2011.0,0,0.2898009950248756,1,0,0,0,0.0
2025-09-26 11:00:00,2011.0,0,0.2904228855721393,1,0,0,0,0.0
2025-09-26 12:00:00,2107.0,0,0.291044776119403,1,0,0,0,0.0
2025-09-26 13:00:00,2107.0,0,0.2916666666666667,1,0,0,0,0.0
2025-09-26 14:00:00,2160.0,0,0.2922885572139303,1,0,0,0,0.0
2025-09-26 15:00:00,2177.0,0,0.292910447761194,1,0,0,0,0.0
2025-09-26 16:00:00,2203.0,0,0.2935323383084577,1,0,0,0,0.0
2025-09-26 17:00:00,2238.0,0,0.2941542288557214,1,0,0,0,0.0
2025-09-26 18:00:00,2247.0,0,0.2947761194029851,1,0,0,0,0.0
2025-09-26 19:00:00,2247.0,0,0.29539800995024873,1,0,0,0,0.0
2025-09-26 20:00:00,2282.0,0,0.2960199004975124,1,0,0,0,0.0
2025-09-26 21:00:00,2282.0,0,0.2966417910447761,1,0,0,0,0.0
2025-09-26 22:00:00,2282.0,0,0.2972636815920398,1,0,0,0,0.0
2025-09-26 23:00:00,2300.0,0,0.2978855721393035,1,0,0,0,0.0
2025-09-27 00:00:00,2317.0,1,0.29850746268656714,1,0,0,0,0.0
2025-09-27 01:00:00,2046.0,1,0.29912935323383083,1,0,0,0,0.0
2025-09-27 02:00:00,1888.0,1,0.2997512437810945,1,0,0,0,0.0
2025-09-27 03:00:00,1915.0,1,0.3003731343283582,1,0,0,0,0.0
2025-09-27 04:00:00,1906.0,1,0.3009950248756219,1,0,0,0,0.0
2025-09-27 05:00:00,1967.0,1,0.30161691542288555,1,0,0,0,0.0
2025-09-27 06:00:00,2002.0,1,0.30223880597014924,1,0,0,0,0.0
2025-09-27 07:00:00,2107.0,1,0.30286069651741293,1,0,0,0,0.0
2025-09-27 08:00:00,2142.0,1,0.3034825870646766,1,0,0,0,0.0
2025-09-27 09:00:00,2142.0,1,0.3041044776119403,1,0,0,0,0.0
2025-09-27 10:00:00,2177.0,1,0.30472636815920395,1,0,0,0,0.0
2025-09-27 11:00:00,2247.0,1,0.30534825870646765,1,0,0,0,0.0
2025-09-27 12:00:00,2265.0,1,0.30597014925373134,1,0,0,0,0.0
2025-09-27 13:00:00,2282.0,1,0.30659203980099503,1,0,0,0,0.0
2025-09-27 14:00:00,2317.0,1,0.3072139303482587,1,0,0,0,0.0
2025-09-27 15:00:00,2317.0,1,0.30783582089552236,1,0,0,0,0.0
2025-09-27 16:00:00,2352.0,1,0.30845771144278605,1,0,0,0,0.0
2025-09-27 17:00:00,2291.0,1,0.30907960199004975,1,0,0,0,0.0
2025-09-27 18:00:00,2326.0,1,0.30970149253731344,1,0,0,0,0.0
2025-09-27 19:00:00,2282.0,1,0.31032338308457713,1,0,0,0,0.0
2025-09-27 20:00:00,2307.0,1,0.31094527363184077,1,0,0,0,0.0
2025-09-27 21:00:00,2278.0,1,0.31156716417910446,1,0,0,0,0.0
2025-09-27 22:00:00,2343.0,1,0.31218905472636815,1,0,0,0,0.0
2025-09-27 23:00:00,2295.0,1,0.31281094527363185,1,0,0,0,0.0
2025-09-28 00:00:00,2310.0,0,0.31343283582089554,1,0,0,0,0.0
2025-09-28 01:00:00,2020.0,0,0.31405472636815923,1,0,0,0,0.0
2025-09-28 02:00:00,2297.0,0,0.31467661691542287,1,0,0,0,0.0
2025-09-28 03:00:00,1894.0,0,0.31529850746268656,1,0,0,0,0.0
2025-09-28 04:00:00,1932.0,0,0.31592039800995025,1,0,0,0,0.0
2025-09-28 05:00:00,1871.0,0,0.31654228855721395,1,0,0,0,0.0
2025-09-28 06:00:00,1941.0,0,0.31716417910447764,1,0,0,0,0.0
2025-09-28 07:00:00,1915.0,0,0.3177860696517413,1,0,0,0,0.0
2025-09-28 08:00:00,1958.0,0,0.31840796019900497,1,0,0,0,0.0
2025-09-28 09:00:00,1932.0,0,0.31902985074626866,1,0,0,0,0.0
2025-09-28 10:00:00,1909.0,0,0.31965174129353235,1,0,0,0,0.0
2025-09-28 11:00:00,1916.0,0,0.32027363184079605,1,0,0,0,0.0
2025-09-28 12:00:00,2002.0,0,0.3208955223880597,1,0,0,0,0.0
2025-09-28 13:00:00,1948.0,0,0.3215174129353234,1,0,0,0,0.0
2025-09-28 14:00:00,2090.0,0,0.32213930348258707,1,0,0,0,0.0
2025-09-28 15:00:00,1966.0,0,0.32276119402985076,1,0,0,0,0.0
2025-09-28 16:00:00,2177.0,0,0.32338308457711445,1,0,0,0,0.0
2025-09-28 17:00:00,2151.0,0,0.3240049751243781,1,0,0,0,0.0
2025-09-28 18:00:00,2177.0,0,0.3246268656716418,1,0,0,0,0.0
2025-09-28 19:00:00,2177.0,0,0.3252487562189055,1,0,0,0,0.0
2025-09-28 20:00:00,2195.0,0,0.32587064676616917,1,0,0,0,0.0
2025-09-28 21:00:00,2134.0,0,0.32649253731343286,1,0,0,0,0.0
2025-09-28 22:00:00,2212.0,0,0.3271144278606965,1,0,0,0,0.0
2025-09-28 23:00:00,2203.0,0,0.3277363184079602,1,0,0,0,0.0
2025-09-29 00:00:00,2107.0,0,0.3283582089552239,1,0,0,0,0.0
2025-09-29 01:00:00,2002.0,0,0.3289800995024876,1,0,0,0,0.0
2025-09-29 02:00:00,1897.0,0,0.32960199004975127,1,0,0,0,0.0
2025-09-29 03:00:00,1900.0,0,0.3302238805970149,1,0,0,0,0.0
2025-09-29 04:00:00,1885.0,0,0.3308457711442786,1,0,0,0,0.0
2025-09-29 05:00:00,1932.0,0,0.3314676616915423,1,0,0,0,0.0
2025-09-29 06:00:00,1885.0,0,0.332089552238806,1,0,0,0,0.0
2025-09-29 07:00:00,1913.0,0,0.3327114427860697,1,0,0,0,0.0
2025-09-29 08:00:00,1967.0,0,0.3333333333333333,1,0,0,0,0.0
2025-09-29 09:00:00,1898.0,0,0.333955223880597,1,0,0,0,0.0
2025-09-29 10:00:00,1915.0,0,0.3345771144278607,1,0,0,0,0.0
2025-09-29 11:00:00,1888.0,0,0.3351990049751244,1,0,0,0,0.0
2025-09-29 12:00:00,1958.0,0,0.3358208955223881,1,0,0,0,0.0
2025-09-29 13:00:00,1958.0,0,0.3364427860696517,1,0,0,0,0.0
2025-09-29 14:00:00,1950.0,0,0.3370646766169154,1,0,0,0,0.0
2025-09-29 15:00:00,1967.0,0,0.3376865671641791,1,0,0,0,0.0
2025-09-29 16:00:00,1926.0,0,0.3383084577114428,1,0,0,0,0.0
2025-09-29 17:00:00,1945.0,0,0.3389303482587065,1,0,0,0,0.0
2025-09-29 18:00:00,1932.0,0,0.33955223880597013,1,0,0,0,0.0
2025-09-29 19:00:00,1950.0,0,0.3401741293532338,1,0,0,0,0.0
2025-09-29 20:00:00,1947.0,0,0.3407960199004975,1,0,0,0,0.0
2025-09-29 21:00:00,2002.0,0,0.3414179104477612,1,0,0,0,0.0
2025-09-29 22:00:00,2002.0,0,0.3420398009950249,1,0,0,0,0.0
2025-09-29 23:00:00,1950.0,0,0.34266169154228854,1,0,0,0,0.0
2025-09-30 00:00:00,1950.0,0,0.34328358208955223,1,0,0,0,0.0
2025-09-30 01:00:00,1964.0,0,0.3439054726368159,1,0,0,0,0.0
2025-09-30 02:00:00,1941.0,0,0.3445273631840796,1,0,0,0,0.0
2025-09-30 03:00:00,1897.0,0,0.3451492537313433,1,0,0,0,0.0
2025-09-30 04:00:00,1906.0,0,0.34577114427860695,1,0,0,0,0.0
2025-09-30 05:00:00,1932.0,0,0.34639303482587064,1,0,0,0,0.0
2025-09-30 06:00:00,1915.0,0,0.34701492537313433,1,0,0,0,0.0
2025-09-30 07:00:00,1888.0,0,0.347636815920398,1,0,0,0,0.0
2025-09-30 08:00:00,1885.0,0,0.3482587064676617,1,0,0,0,0.0
2025-09-30 09:00:00,1876.0,0,0.34888059701492535,1,0,0,0,0.0
2025-09-30 10:00:00,1878.0,0,0.34950248756218905,1,0,0,0,0.0
2025-09-30 11:00:00,1915.0,0,0.35012437810945274,1,0,0,0,0.0
2025-09-30 12:00:00,1932.0,0,0.35074626865671643,1,0,0,0,0.0
2025-09-30 13:00:00,1896.0,0,0.3513681592039801,1,0,0,0,0.0
2025-09-30 14:00:00,1967.0,0,0.35199004975124376,1,0,0,0,0.0
2025-09-30 15:00:00,1967.0,0,0.35261194029850745,1,0,0,0,0.0
2025-09-30 16:00:00,2002.0,0,0.35323383084577115,1,0,0,0,0.0
2025-09-30 17:00:00,1933.0,0,0.35385572139303484,1,0,0,0,0.0
2025-09-30 18:00:00,1967.0,0,0.35447761194029853,1,0,0,0,0.0
2025-09-30 19:00:00,2002.0,0,0.35509950248756217,1,0,0,0,0.0
2025-09-30 20:00:00,1993.0,0,0.35572139303482586,1,0,0,0,0.0
2025-09-30 21:00:00,1954.0,0,0.35634328358208955,1,0,0,0,0.0
2025-09-30 22:00:00,2002.0,0,0.35696517412935325,1,0,0,0,0.0
2025-09-30 23:00:00,2002.0,0,0.35758706467661694,1,0,0,0,0.0
2025-10-01 00:00:00,1967.0,1,0.3582089552238806,1,0,0,0,0.0
2025-10-01 01:00:00,1915.0,1,0.35883084577114427,1,0,0,0,0.0
2025-10-01 02:00:00,1950.0,1,0.35945273631840796,1,0,0,0,0.0
2025-10-01 03:00:00,1923.0,1,0.36007462686567165,1,0,0,0,0.0
2025-10-01 04:00:00,1871.0,1,0.36069651741293535,1,0,0,0,0.0
2025-10-01 05:00:00,1903.0,1,0.361318407960199,1,0,0,0,0.0
2025-10-01 06:00:00,1880.0,1,0.3619402985074627,1,0,0,0,0.0
2025-10-01 07:00:00,1950.0,1,0.36256218905472637,1,0,0,0,0.0
2025-10-01 08:00:00,1920.0,1,0.36318407960199006,1,0,0,0,0.0
2025-10-01 09:00:00,1976.0,1,0.36380597014925375,1,0,0,0,0.0
2025-10-01 10:00:00,1993.0,1,0.3644278606965174,1,0,0,0,0.0
2025-10-01 11:00:00,2002.0,1,0.3650497512437811,1,0,0,0,0.0
2025-10-01 12:00:00,1949.0,1,0.3656716417910448,1,0,0,0,0.0
2025-10-01 13:00:00,1958.0,1,0.36629353233830847,1,0,0,0,0.0
2025-10-01 14:00:00,2002.0,1,0.36691542288557216,1,0,0,0,0.0
2025-10-01 15:00:00,2002.0,1,0.3675373134328358,1,0,0,0,0.0
2025-10-01 16:00:00,1965.0,1,0.3681592039800995,1,0,0,0,0.0
2025-10-01 17:00:00,2072.0,1,0.3687810945273632,1,0,0,0,0.0
2025-10-01 18:00:00,2002.0,1,0.3694029850746269,1,0,0,0,0.0
2025-10-01 19:00:00,1967.0,1,0.37002487562189057,1,0,0,0,0.0
2025-10-01 20:00:00,2019.0,1,0.3706467661691542,1,0,0,0,0.0
2025-10-01 21:00:00,2002.0,1,0.3712686567164179,1,0,0,0,0.0
2025-10-01 22:00:00,2002.0,1,0.3718905472636816,1,0,0,0,0.0
2025-10-01 23:00:00,1967.0,1,0.3725124378109453,1,0,0,0,0.0
2025-10-02 00:00:00,1897.0,1,0.373134328358209,1,0,0,0,0.0
2025-10-02 01:00:00,1957.0,1,0.3737562189054726,1,0,0,0,0.0
2025-10-02 02:00:00,1924.0,1,0.3743781094527363,1,0,0,0,0.0
2025-10-02 03:00:00,1810.0,1,0.375,1,0,0,0,0.0
2025-10-02 04:00:00,1862.0,1,0.3756218905472637,1,0,0,0,0.0
2025-10-02 05:00:00,1862.0,1,0.3762437810945274,1,0,0,0,0.0
2025-10-02 06:00:00,1780.0,1,0.376865671641791,1,0,0,0,0.0
2025-10-02 07:00:00,1807.0,1,0.3774875621890547,1,0,0,0,0.0
2025-10-02 08:00:00,1845.0,1,0.3781094527363184,1,0,0,0,0.0
2025-10-02 09:00:00,1822.0,1,0.3787313432835821,1,0,0,0,0.0
2025-10-02 10:00:00,1826.0,1,0.3793532338308458,1,0,0,0,0.0
2025-10-02 11:00:00,1897.0,1,0.37997512437810943,1,0,0,0,0.0
2025-10-02 12:00:00,1906.0,1,0.3805970149253731,1,0,0,0,0.0
2025-10-02 13:00:00,1868.0,1,0.3812189054726368,1,0,0,0,0.0
2025-10-02 14:00:00,1932.0,1,0.3818407960199005,1,0,0,0,0.0
2025-10-02 15:00:00,1941.0,1,0.3824626865671642,1,0,0,0,0.0
2025-10-02 16:00:00,1902.0,1,0.38308457711442784,1,0,0,0,0.0
2025-10-02 17:00:00,1913.0,1,0.38370646766169153,1,0,0,0,0.0
2025-10-02 18:00:00,1976.0,1,0.3843283582089552,1,0,0,0,0.0
2025-10-02 19:00:00,1947.0,1,0.3849502487562189,1,0,0,0,0.0
2025-10-02 20:00:00,2002.0,1,0.3855721393034826,1,0,0,0,0.0
2025-10-02 21:00:00,2002.0,1,0.38619402985074625,1,0,0,0,0.0
2025-10-02 22:00:00,2002.0,1,0.38681592039800994,1,0,0,0,0.0
2025-10-02 23:00:00,1967.0,1,0.38743781094527363,1,0,0,0,0.0
2025-10-03 00:00:00,1932.0,1,0.3880597014925373,1,0,0,0,0.0
2025-10-03 01:00:00,1959.0,1,0.388681592039801,1,0,0,0,0.0
2025-10-03 02:00:00,1810.0,1,0.38930348258706465,1,0,0,0,0.0
2025-10-03 03:00:00,1755.0,1,0.38992537313432835,1,0,0,0,0.0
2025-10-03 04:00:00,1862.0,1,0.39054726368159204,1,0,0,0,0.0
2025-10-03 05:00:00,1789.0,1,0.39116915422885573,1,0,0,0,0.0
2025-10-03 06:00:00,1862.0,1,0.3917910447761194,1,0,0,0,0.0
2025-10-03 07:00:00,1845.0,1,0.39241293532338306,1,0,0,0,0.0
2025-10-03 08:00:00,1897.0,1,0.39303482587064675,1,0,0,0,0.0
2025-10-03 09:00:00,1834.0,1,0.39365671641791045,1,0,0,0,0.0
2025-10-03 10:00:00,1822.0,1,0.39427860696517414,1,0,0,0,0.0
2025-10-03 11:00:00,1880.0,1,0.39490049751243783,1,0,0,0,0.0
2025-10-03 12:00:00,1863.0,1,0.39552238805970147,1,0,0,0,0.0
2025-10-03 13:00:00,1923.0,1,0.39614427860696516,1,0,0,0,0.0
2025-10-03 14:00:00,1863.0,1,0.39676616915422885,1,0,0,0,0.0
2025-10-03 15:00:00,1967.0,1,0.39738805970149255,1,0,0,0,0.0
2025-10-03 16:00:00,2002.0,1,0.39800995024875624,1,0,0,0,0.0
2025-10-03 17:00:00,2002.0,1,0.3986318407960199,1,0,0,0,0.0
2025-10-03 18:00:00,1938.0,1,0.39925373134328357,1,0,0,0,0.0
2025-10-03 19:00:00,1976.0,1,0.39987562189054726,1,0,0,0,0.0
2025-10-03 20:00:00,2002.0,1,0.40049751243781095,1,0,0,0,0.0
2025-10-03 21:00:00,1940.0,1,0.40111940298507465,1,0,0,0,0.0
2025-10-03 22:00:00,1976.0,1,0.4017412935323383,1,0,0,0,0.0
2025-10-03 23:00:00,2002.0,1,0.402363184079602,1,0,0,0,0.0
2025-10-04 00:00:00,1967.0,1,0.40298507462686567,1,0,0,0,0.0
2025-10-04 01:00:00,1810.0,1,0.40360696517412936,1,0,0,0,0.0
2025-10-04 02:00:00,1961.0,1,0.40422885572139305,1,0,0,0,0.0
2025-10-04 03:00:00,1794.0,1,0.4048507462686567,1,0,0,0,0.0
2025-10-04 04:00:00,1797.0,1,0.4054726368159204,1,0,0,0,0.0
2025-10-04 05:00:00,1862.0,1,0.4060945273631841,1,0,0,0,0.0
2025-10-04 06:00:00,1845.0,1,0.40671641791044777,1,0,0,0,0.0
2025-10-04 07:00:00,1880.0,1,0.40733830845771146,1,0,0,0,0.0
2025-10-04 08:00:00,1897.0,1,0.4079601990049751,1,0,0,0,0.0
2025-10-04 09:00:00,1897.0,1,0.4085820895522388,1,0,0,0,0.0
2025-10-04 10:00:00,1849.0,1,0.4092039800995025,1,0,0,0,0.0
2025-10-04 11:00:00,1932.0,1,0.4098258706467662,1,0,0,0,0.0
2025-10-04 12:00:00,1872.0,1,0.41044776119402987,1,0,0,0,0.0
2025-10-04 13:00:00,1902.0,1,0.4110696517412935,1,0,0,0,0.0
2025-10-04 14:00:00,2002.0,1,0.4116915422885572,1,0,0,0,0.0
2025-10-04 15:00:00,1906.0,1,0.4123134328358209,1,0,0,0,0.0
2025-10-04 16:00:00,1938.0,1,0.4129353233830846,1,0,0,0,0.0
2025-10-04 17:00:00,2107.0,1,0.4135572139303483,1,0,0,0,0.0
2025-10-04 18:00:00,1973.0,1,0.4141791044776119,1,0,0,0,0.0
2025-10-04 19:00:00,2090.0,1,0.4148009950248756,1,0,0,0,0.0
2025-10-04 20:00:00,2107.0,1,0.4154228855721393,1,0,0,0,0.0
2025-10-04 21:00:00,2090.0,1,0.416044776119403,1,0,0,0,0.0
2025-10-04 22:00:00,2107.0,1,0.4166666666666667,1,0,0,0,0.0
2025-10-04 23:00:00,2071.0,1,0.4172885572139303,1,0,0,0,0.0
2025-10-05 00:00:00,2073.0,1,0.417910447761194,1,0,0,0,0.0
2025-10-05 01:00:00,1880.0,1,0.4185323383084577,1,0,0,0,0.0
2025-10-05 02:00:00,1880.0,1,0.4191542288557214,1,0,0,0,0.0
2025-10-05 03:00:00,1835.0,1,0.4197761194029851,1,0,0,0,0.0
2025-10-05 04:00:00,1880.0,1,0.42039800995024873,1,0,0,0,0.0
2025-10-05 05:00:00,1800.0,1,0.4210199004975124,1,0,0,0,0.0
2025-10-05 06:00:00,1897.0,1,0.4216417910447761,1,0,0,0,0.0
2025-10-05 07:00:00,1865.0,1,0.4222636815920398,1,0,0,0,0.0
2025-10-05 08:00:00,1909.0,1,0.4228855721393035,1,0,0,0,0.0
2025-10-05 09:00:00,1859.0,1,0.42350746268656714,1,0,0,0,0.0
2025-10-05 10:00:00,1876.0,1,0.42412935323383083,1,0,0,0,0.0
2025-10-05 11:00:00,1891.0,1,0.4247512437810945,1,0,0,0,0.0
2025-10-05 12:00:00,1900.0,1,0.4253731343283582,1,0,0,0,0.0
2025-10-05 13:00:00,1967.0,1,0.4259950248756219,1,0,0,0,0.0
2025-10-05 14:00:00,2002.0,1,0.42661691542288555,1,0,0,0,0.0
2025-10-05 15:00:00,2090.0,1,0.42723880597014924,1,0,0,0,0.0
2025-10-05 16:00:00,2116.0,1,0.42786069651741293,1,0,0,0,0.0
2025-10-05 17:00:00,2107.0,1,0.4284825870646766,1,0,0,0,0.0
2025-10-05 18:00:00,2098.0,1,0.4291044776119403,1,0,0,0,0.0
2025-10-05 19:00:00,2102.0,1,0.42972636815920395,1,0,0,0,0.0
2025-10-05 20:00:00,2098.0,1,0.43034825870646765,1,0,0,0,0.0
2025-10-05 21:00:00,2142.0,1,0.43097014925373134,1,0,0,0,0.0
2025-10-05 22:00:00,2068.0,1,0.43159203980099503,1,0,0,0,0.0
2025-10-05 23:00:00,2094.0,1,0.4322139303482587,1,0,0,0,0.0
2025-10-06 00:00:00,2105.0,1,0.43283582089552236,1,0,0,0,0.0
2025-10-06 01:00:00,1888.0,1,0.43345771144278605,1,0,0,0,0.0
2025-10-06 02:00:00,1827.0,1,0.43407960199004975,1,0,0,0,0.0
2025-10-06 03:00:00,1848.0,1,0.43470149253731344,1,0,0,0,0.0
2025-10-06 04:00:00,1818.0,1,0.43532338308457713,1,0,0,0,0.0
2025-10-06 05:00:00,1797.0,1,0.43594527363184077,1,0,0,0,0.0
2025-10-06 06:00:00,1836.0,1,0.43656716417910446,1,0,0,0,0.0
2025-10-06 07:00:00,1818.0,1,0.43718905472636815,1,0,0,0,0.0
2025-10-06 08:00:00,1871.0,1,0.43781094527363185,1,0,0,0,0.0
2025-10-06 09:00:00,1862.0,1,0.43843283582089554,1,0,0,0,0.0
2025-10-06 10:00:00,1841.0,1,0.43905472636815923,1,0,0,0,0.0
2025-10-06 11:00:00,1847.0,1,0.43967661691542287,1,0,0,0,0.0
2025-10-06 12:00:00,1861.0,1,0.44029850746268656,1,0,0,0,0.0
2025-10-06 13:00:00,1883.0,1,0.44092039800995025,1,0,0,0,0.0
2025-10-06 14:00:00,1967.0,1,0.44154228855721395,1,0,0,0,0.0
2025-10-06 15:00:00,1967.0,1,0.44216417910447764,1,0,0,0,0.0
2025-10-06 16:00:00,1915.0,1,0.4427860696517413,1,0,0,0,0.0
2025-10-06 17:00:00,2002.0,1,0.44340796019900497,1,0,0,0,0.0
2025-10-06 18:00:00,1958.0,1,0.44402985074626866,1,0,0,0,0.0
2025-10-06 19:00:00,1965.0,1,0.44465174129353235,1,0,0,0,0.0
2025-10-06 20:00:00,1937.0,1,0.44527363184079605,1,0,0,0,0.0
2025-10-06 21:00:00,1967.0,1,0.4458955223880597,1,0,0,0,0.0
2025-10-06 22:00:00,1878.0,1,0.4465174129353234,1,0,0,0,0.0
2025-10-06 23:00:00,1880.0,1,0.44713930348258707,1,0,0,0,0.0
2025-10-07 00:00:00,1949.0,1,0.44776119402985076,1,0,0,0,0.0
2025-10-07 01:00:00,1914.0,1,0.44838308457711445,1,0,0,0,0.0
2025-10-07 02:00:00,1853.0,1,0.4490049751243781,1,0,0,0,0.0
2025-10-07 03:00:00,1792.0,1,0.4496268656716418,1,0,0,0,0.0
2025-10-07 04:00:00,1743.0,1,0.4502487562189055,1,0,0,0,0.0
2025-10-07 05:00:00,1750.0,1,0.45087064676616917,1,0,0,0,0.0
2025-10-07 06:00:00,1744.0,1,0.45149253731343286,1,0,0,0,0.0
2025-10-07 07:00:00,1750.0,1,0.4521144278606965,1,0,0,0,0.0
2025-10-07 08:00:00,1772.0,1,0.4527363184079602,1,0,0,0,0.0
2025-10-07 09:00:00,1765.0,1,0.4533582089552239,1,0,0,0,0.0
2025-10-07 10:00:00,1766.0,1,0.4539800995024876,1,0,0,0,0.0
2025-10-07 11:00:00,1836.0,1,0.45460199004975127,1,0,0,0,0.0
2025-10-07 12:00:00,1810.0,1,0.4552238805970149,1,0,0,0,0.0
2025-10-07 13:00:00,1810.0,1,0.4558457711442786,1,0,0,0,0.0
2025-10-07 14:00:00,1817.0,1,0.4564676616915423,1,0,0,0,0.0
2025-10-07 15:00:00,1809.0,1,0.457089552238806,1,0,0,0,0.0
2025-10-07 16:00:00,1826.0,1,0.4577114427860697,1,0,0,0,0.0
2025-10-07 17:00:00,1880.0,1,0.4583333333333333,1,0,0,0,0.0
2025-10-07 18:00:00,1827.0,1,0.458955223880597,1,0,0,0,0.0
2025-10-07 19:00:00,1861.0,1,0.4595771144278607,1,0,0,0,0.0
2025-10-07 20:00:00,1852.0,1,0.4601990049751244,1,0,0,0,0.0
2025-10-07 21:00:00,1897.0,1,0.4608208955223881,1,0,0,0,0.0
2025-10-07 22:00:00,1787.0,1,0.4614427860696517,1,0,0,0,0.0
2025-10-07 23:00:00,1845.0,1,0.4620646766169154,1,0,0,0,0.0
2025-10-08 00:00:00,1859.0,1,0.4626865671641791,1,0,0,0,0.0
2025-10-08 01:00:00,1854.0,1,0.4633084577114428,1,0,0,0,0.0
2025-10-08 02:00:00,1820.0,1,0.4639303482587065,1,0,0,0,0.0
2025-10-08 03:00:00,1792.0,1,0.46455223880597013,1,0,0,0,0.0
2025-10-08 04:00:00,1707.0,1,0.4651741293532338,1,0,0,0,0.0
2025-10-08 05:00:00,1704.0,1,0.4657960199004975,1,0,0,0,0.0
2025-10-08 06:00:00,1747.0,1,0.4664179104477612,1,0,0,0,0.0
2025-10-08 07:00:00,1742.0,1,0.4670398009950249,1,0,0,0,0.0
2025-10-08 08:00:00,1775.0,1,0.46766169154228854,1,0,0,0,0.0
2025-10-08 09:00:00,1745.0,1,0.46828358208955223,1,0,0,0,0.0
2025-10-08 10:00:00,1766.0,1,0.4689054726368159,1,0,0,0,0.0
2025-10-08 11:00:00,1827.0,1,0.4695273631840796,1,0,0,0,0.0
2025-10-08 12:00:00,1853.0,1,0.4701492537313433,1,0,0,0,0.0
2025-10-08 13:00:00,1810.0,1,0.47077114427860695,1,0,0,0,0.0
2025-10-08 14:00:00,1827.0,1,0.47139303482587064,1,0,0,0,0.0
2025-10-08 15:00:00,1814.0,1,0.47201492537313433,1,0,0,0,0.0
2025-10-08 16:00:00,1769.0,1,0.472636815920398,1,0,0,0,0.0
2025-10-08 17:00:00,1778.0,1,0.4732587064676617,1,0,0,0,0.0
2025-10-08 18:00:00,1786.0,1,0.47388059701492535,1,0,0,0,0.0
2025-10-08 19:00:00,1797.0,1,0.47450248756218905,1,0,0,0,0.0
2025-10-08 20:00:00,1760.0,1,0.47512437810945274,1,0,0,0,0.0
2025-10-08 21:00:00,1674.0,1,0.47574626865671643,1,0,0,0,0.0
2025-10-08 22:00:00,1688.0,1,0.4763681592039801,1,0,0,0,0.0
2025-10-08 23:00:00,1759.0,1,0.47699004975124376,1,0,0,0,0.0
2025-10-09 00:00:00,1780.0,0,0.47761194029850745,1,0,0,0,0.0
2025-10-09 01:00:00,1775.0,0,0.47823383084577115,1,0,0,0,0.0
2025-10-09 02:00:00,1720.0,0,0.47885572139303484,1,0,0,0,0.0
2025-10-09 03:00:00,1636.0,0,0.47947761194029853,1,0,0,0,0.0
2025-10-09 04:00:00,1655.0,0,0.48009950248756217,1,0,0,0,0.0
2025-10-09 05:00:00,1654.0,0,0.48072139303482586,1,0,0,0,0.0
2025-10-09 06:00:00,1685.0,0,0.48134328358208955,1,0,0,0,0.0
2025-10-09 07:00:00,1706.0,0,0.48196517412935325,1,0,0,0,0.0
2025-10-09 08:00:00,1714.0,0,0.48258706467661694,1,0,0,0,0.0
2025-10-09 09:00:00,1692.0,0,0.4832089552238806,1,0,0,0,0.0
2025-10-09 10:00:00,1669.0,0,0.48383084577114427,1,0,0,0,0.0
2025-10-09 11:00:00,1630.0,0,0.48445273631840796,1,0,0,0,0.0
2025-10-09 12:00:00,1673.0,0,0.48507462686567165,1,0,0,0,0.0
2025-10-09 13:00:00,1677.0,0,0.48569651741293535,1,0,0,0,0.0
2025-10-09 14:00:00,1692.0,0,0.486318407960199,1,0,0,0,0.0
2025-10-09 15:00:00,1712.0,0,0.4869402985074627,1,0,0,0,0.0
2025-10-09 16:00:00,1719.0,0,0.48756218905472637,1,0,0,0,0.0
2025-10-09 17:00:00,1744.0,0,0.48818407960199006,1,0,0,0,0.0
2025-10-09 18:00:00,1752.0,0,0.48880597014925375,1,0,0,0,0.0
2025-10-09 19:00:00,1756.0,0,0.4894278606965174,1,0,0,0,0.0
2025-10-09 20:00:00,1751.0,0,0.4900497512437811,1,0,0,0,0.0
2025-10-09 21:00:00,1735.0,0,0.4906716417910448,1,0,0,0,0.0
2025-10-09 22:00:00,1756.0,0,0.49129353233830847,1,0,0,0,0.0
2025-10-09 23:00:00,1788.0,0,0.49191542288557216,1,0,0,0,0.0
2025-10-10 00:00:00,1793.0,0,0.4925373134328358,1,0,0,0,0.0
2025-10-10 01:00:00,1793.0,0,0.4931592039800995,1,0,0,0,0.0
2025-10-10 02:00:00,1789.0,0,0.4937810945273632,1,0,0,0,0.0
2025-10-10 03:00:00,1655.0,0,0.4944029850746269,1,0,0,0,0.0
2025-10-10 04:00:00,1659.0,0,0.49502487562189057,1,0,0,0,0.0
2025-10-10 05:00:00,1680.0,0,0.4956467661691542,1,0,0,0,0.0
2025-10-10 06:00:00,1717.0,0,0.4962686567164179,1,0,0,0,0.0
2025-10-10 07:00:00,1713.0,0,0.4968905472636816,1,0,0,0,0.0
2025-10-10 08:00:00,1725.0,0,0.4975124378109453,1,0,0,0,0.0
2025-10-10 09:00:00,1702.0,0,0.498134328358209,1,0,0,0,0.0
2025-10-10 10:00:00,1680.0,0,0.4987562189054726,1,0,0,0,0.0
2025-10-10 11:00:00,1650.0,0,0.4993781094527363,1,0,0,0,0.0
2025-10-10 12:00:00,1678.0,0,0.5,1,0,0,0,0.0
2025-10-10 13:00:00,1686.0,0,0.5006218905472637,1,0,0,0,0.0
2025-10-10 14:00:00,1710.0,0,0.5012437810945274,1,0,0,0,0.0
2025-10-10 15:00:00,1744.0,0,0.5018656716417911,1,0,0,0,0.0
2025-10-10 16:00:00,1759.0,0,0.5024875621890548,1,0,0,0,0.0
2025-10-10 17:00:00,1775.0,0,0.5031094527363185,1,0,0,0,0.0
2025-10-10 18:00:00,1788.0,0,0.503731343283582,1,0,0,0,0.0
2025-10-10 19:00:00,1803.0,0,0.5043532338308457,1,0,0,0,0.0
2025-10-10 20:00:00,1823.0,0,0.5049751243781094,1,0,0,0,0.0
2025-10-10 21:00:00,1795.0,0,0.5055970149253731,1,0,0,0,0.0
2025-10-10 22:00:00,1811.0,0,0.5062189054726368,1,0,0,0,0.0
2025-10-10 23:00:00,1826.0,0,0.5068407960199005,1,0,0,0,0.0
2025-10-11 00:00:00,1853.0,0,0.5074626865671642,1,0,0,0,0.0
2025-10-11 01:00:00,1873.0,0,0.5080845771144279,1,0,0,0,0.0
2025-10-11 02:00:00,1874.0,0,0.5087064676616916,1,0,0,0,0.0
2025-10-11 03:00:00,1714.0,0,0.5093283582089553,1,0,0,0,0.0
2025-10-11 04:00:00,1701.0,0,0.5099502487562189,1,0,0,0,0.0
2025-10-11 05:00:00,1687.0,0,0.5105721393034826,1,0,0,0,0.0
2025-10-11 06:00:00,1735.0,0,0.5111940298507462,1,0,0,0,0.0
2025-10-11 07:00:00,1753.0,0,0.5118159203980099,1,0,0,0,0.0
2025-10-11 08:00:00,1743.0,0,0.5124378109452736,1,0,0,0,0.0
2025-10-11 09:00:00,1713.0,0,0.5130597014925373,1,0,0,0,0.0
2025-10-11 10:00:00,1697.0,0,0.513681592039801,1,0,0,0,0.0
2025-10-11 11:00:00,1677.0,0,0.5143034825870647,1,0,0,0,0.0
2025-10-11 12:00:00,1699.0,0,0.5149253731343284,1,0,0,0,0.0
2025-10-11 13:00:00,1742.0,0,0.5155472636815921,1,0,0,0,0.0
2025-10-11 14:00:00,1769.0,0,0.5161691542288557,1,0,0,0,0.0
2025-10-11 15:00:00,1789.0,0,0.5167910447761194,1,0,0,0,0.0
2025-10-11 16:00:00,1794.0,0,0.5174129353233831,1,0,0,0,0.0
2025-10-11 17:00:00,1797.0,0,0.5180348258706468,1,0,0,0,0.0
2025-10-11 18:00:00,1825.0,0,0.5186567164179104,1,0,0,0,0.0
2025-10-11 19:00:00,1827.0,0,0.5192786069651741,1,0,0,0,0.0
2025-10-11 20:00:00,1826.0,0,0.5199004975124378,1,0,0,0,0.0
2025-10-11 21:00:00,1849.0,0,0.5205223880597015,1,0,0,0,0.0
2025-10-11 22:00:00,1861.0,0,0.5211442786069652,1,0,0,0,0.0
2025-10-11 23:00:00,1864.0,0,0.5217661691542289,1,0,0,0,0.0
2025-10-12 00:00:00,1894.0,1,0.5223880597014925,1,0,0,0,0.0
2025-10-12 01:00:00,1893.0,1,0.5230099502487562,1,0,0,0,0.0
2025-10-12 02:00:00,1890.0,1,0.5236318407960199,1,0,0,0,0.0
2025-10-12 03:00:00,1733.0,1,0.5242537313432836,1,0,0,0,0.0
2025-10-12 04:00:00,1739.0,1,0.5248756218905473,1,0,0,0,0.0
2025-10-12 05:00:00,1755.0,1,0.525497512437811,1,0,0,0,0.0
2025-10-12 06:00:00,1755.0,1,0.5261194029850746,1,0,0,0,0.0
2025-10-12 07:00:00,1783.0,1,0.5267412935323383,1,0,0,0,0.0
2025-10-12 08:00:00,1783.0,1,0.527363184079602,1,0,0,0,0.0
2025-10-12 09:00:00,1785.0,1,0.5279850746268657,1,0,0,0,0.0
2025-10-12 10:00:00,1802.0,1,0.5286069651741293,1,0,0,0,0.0
2025-10-12 11:00:00,1816.0,1,0.529228855721393,1,0,0,0,0.0
2025-10-12 12:00:00,1828.0,1,0.5298507462686567,1,0,0,0,0.0
2025-10-12 13:00:00,1853.0,1,0.5304726368159204,1,0,0,0,0.0
2025-10-12 14:00:00,1865.0,1,0.5310945273631841,1,0,0,0,0.0
2025-10-12 15:00:00,1886.0,1,0.5317164179104478,1,0,0,0,0.0
2025-10-12 16:00:00,1897.0,1,0.5323383084577115,1,0,0,0,0.0
2025-10-12 17:00:00,1904.0,1,0.5329601990049752,1,0,0,0,0.0
2025-10-12 18:00:00,1931.0,1,0.5335820895522388,1,0,0,0,0.0
2025-10-12 19:00:00,1929.0,1,0.5342039800995025,1,0,0,0,0.0
2025-10-12 20:00:00,1907.0,1,0.5348258706467661,1,0,0,0,0.0
2025-10-12 21:00:00,1813.0,1,0.5354477611940298,1,0,0,0,0.0
2025-10-12 22:00:00,1829.0,1,0.5360696517412935,1,0,0,0,0.0
2025-10-12 23:00:00,1882.0,1,0.5366915422885572,1,0,0,0,0.0
2025-10-13 00:00:00,1883.0,0,0.5373134328358209,1,0,0,0,0.0
2025-10-13 01:00:00,1883.0,0,0.5379353233830846,1,0,0,0,0.0
2025-10-13 02:00:00,1820.0,0,0.5385572139303483,1,0,0,0,0.0
2025-10-13 03:00:00,1683.0,0,0.539179104477612,1,0,0,0,0.0
2025-10-13 04:00:00,1710.0,0,0.5398009950248757,1,0,0,0,0.0
2025-10-13 05:00:00,1703.0,0,0.5404228855721394,1,0,0,0,0.0
2025-10-13 06:00:00,1720.0,0,0.5410447761194029,1,0,0,0,0.0
2025-10-13 07:00:00,1747.0,0,0.5416666666666666,1,0,0,0,0.0
2025-10-13 08:00:00,1736.0,0,0.5422885572139303,1,0,0,0,0.0
2025-10-13 09:00:00,1719.0,0,0.542910447761194,1,0,0,0,0.0
2025-10-13 10:00:00,1674.0,0,0.5435323383084577,1,0,0,0,0.0
2025-10-13 11:00:00,1655.0,0,0.5441542288557214,1,0,0,0,0.0
2025-10-13 12:00:00,1689.0,0,0.5447761194029851,1,0,0,0,0.0
2025-10-13 13:00:00,1702.0,0,0.5453980099502488,1,0,0,0,0.0
2025-10-13 14:00:00,1712.0,0,0.5460199004975125,1,0,0,0,0.0
2025-10-13 15:00:00,1748.0,0,0.5466417910447762,1,0,0,0,0.0
2025-10-13 16:00:00,1781.0,0,0.5472636815920398,1,0,0,0,0.0
2025-10-13 17:00:00,1772.0,0,0.5478855721393034,1,0,0,0,0.0
2025-10-13 18:00:00,1780.0,0,0.5485074626865671,1,0,0,0,0.0
2025-10-13 19:00:00,1782.0,0,0.5491293532338308,1,0,0,0,0.0
2025-10-13 20:00:00,1772.0,0,0.5497512437810945,1,0,0,0,0.0
2025-10-13 21:00:00,1728.0,0,0.5503731343283582,1,0,0,0,0.0
2025-10-13 22:00:00,1753.0,0,0.5509950248756219,1,0,0,0,0.0
2025-10-13 23:00:00,1789.0,0,0.5516169154228856,1,0,0,0,0.0
2025-10-14 00:00:00,1820.0,0,0.5522388059701493,1,0,0,0,0.0
2025-10-14 01:00:00,1813.0,0,0.552860696517413,1,0,0,0,0.0
2025-10-14 02:00:00,1755.0,0,0.5534825870646766,1,0,0,0,0.0
2025-10-14 03:00:00,1625.0,0,0.5541044776119403,1,0,0,0,0.0
2025-10-14 04:00:00,1643.0,0,0.554726368159204,1,0,0,0,0.0
2025-10-14 05:00:00,1672.0,0,0.5553482587064676,1,0,0,0,0.0
2025-10-14 06:00:00,1662.0,0,0.5559701492537313,1,0,0,0,0.0
2025-10-14 07:00:00,1654.0,0,0.556592039800995,1,0,0,0,0.0
2025-10-14 08:00:00,1660.0,0,0.5572139303482587,1,0,0,0,0.0
2025-10-14 09:00:00,1634.0,0,0.5578358208955224,1,0,0,0,0.0
2025-10-14 10:00:00,1605.0,0,0.5584577114427861,1,0,0,0,0.0
2025-10-14 11:00:00,1619.0,0,0.5590796019900498,1,0,0,0,0.0
2025-10-14 12:00:00,1627.0,0,0.5597014925373134,1,0,0,0,0.0
2025-10-14 13:00:00,1634.0,0,0.5603233830845771,1,0,0,0,0.0
2025-10-14 14:00:00,1632.0,0,0.5609452736318408,1,0,0,0,0.0
2025-10-14 15:00:00,1676.0,0,0.5615671641791045,1,0,0,0,0.0
2025-10-14 16:00:00,1682.0,0,0.5621890547263682,1,0,0,0,0.0
2025-10-14 17:00:00,1671.0,0,0.5628109452736318,1,0,0,0,0.0
2025-10-14 18:00:00,1683.0,0,0.5634328358208955,1,0,0,0,0.0
2025-10-14 19:00:00,1696.0,0,0.5640547263681592,1,0,0,0,0.0
2025-10-14 20:00:00,1681.0,0,0.5646766169154229,1,0,0,0,0.0
2025-10-14 21:00:00,1642.0,0,0.5652985074626866,1,0,0,0,0.0
2025-10-14 22:00:00,1655.0,0,0.5659203980099502,1,0,0,0,0.0
2025-10-14 23:00:00,1679.0,0,0.5665422885572139,1,0,0,0,0.0
2025-10-15 00:00:00,1699.0,0,0.5671641791044776,1,0,0,0,0.0
2025-10-15 01:00:00,1694.0,0,0.5677860696517413,1,0,0,0,0.0
2025-10-15 02:00:00,1658.0,0,0.568407960199005,1,0,0,0,0.0
2025-10-15 03:00:00,1601.0,0,0.5690298507462687,1,0,0,0,0.0
2025-10-15 04:00:00,1604.0,0,0.5696517412935324,1,0,0,0,0.0
2025-10-15 05:00:00,1631.0,0,0.570273631840796,1,0,0,0,0.0
2025-10-15 06:00:00,1653.0,0,0.5708955223880597,1,0,0,0,0.0
2025-10-15 07:00:00,1655.0,0,0.5715174129353234,1,0,0,0,0.0
2025-10-15 08:00:00,1657.0,0,0.572139303482587,1,0,0,0,0.0
2025-10-15 09:00:00,1634.0,0,0.5727611940298507,1,0,0,0,0.0
2025-10-15 10:00:00,1609.0,0,0.5733830845771144,1,0,0,0,0.0
2025-10-15 11:00:00,1577.0,0,0.5740049751243781,1,0,0,0,0.0
2025-10-15 12:00:00,1591.0,0,0.5746268656716418,1,0,0,0,0.0
2025-10-15 13:00:00,1606.0,0,0.5752487562189055,1,0,0,0,0.0
2025-10-15 14:00:00,1586.0,0,0.5758706467661692,1,0,0,0,0.0
2025-10-15 15:00:00,1650.0,0,0.5764925373134329,1,0,0,0,0.0
2025-10-15 16:00:00,1662.0,0,0.5771144278606966,1,0,0,0,0.0
2025-10-15 17:00:00,1663.0,0,0.5777363184079602,1,0,0,0,0.0
2025-10-15 18:00:00,1676.0,0,0.5783582089552238,1,0,0,0,0.0
2025-10-15 19:00:00,1684.0,0,0.5789800995024875,1,0,0,0,0.0
2025-10-15 20:00:00,1676.0,0,0.5796019900497512,1,0,0,0,0.0
2025-10-15 21:00:00,1649.0,0,0.5802238805970149,1,0,0,0,0.0
2025-10-15 22:00:00,1666.0,0,0.5808457711442786,1,0,0,0,0.0
2025-10-15 23:00:00,1678.0,0,0.5814676616915423,1,0,0,0,0.0
2025-10-16 00:00:00,1698.0,0,0.582089552238806,1,0,0,0,0.0
2025-10-16 01:00:00,1713.0,0,0.5827114427860697,1,0,0,0,0.0
2025-10-16 02:00:00,1682.0,0,0.5833333333333334,1,0,0,0,0.0
2025-10-16 03:00:00,1599.0,0,0.5839552238805971,1,0,0,0,0.0
2025-10-16 04:00:00,1621.0,0,0.5845771144278606,1,0,0,0,0.0
2025-10-16 05:00:00,1646.0,0,0.5851990049751243,1,0,0,0,0.0
2025-10-16 06:00:00,1656.0,0,0.585820895522388,1,0,0,0,0.0
2025-10-16 07:00:00,1666.0,0,0.5864427860696517,1,0,0,0,0.0
2025-10-16 08:00:00,1667.0,0,0.5870646766169154,1,0,0,0,0.0
2025-10-16 09:00:00,1626.0,0,0.5876865671641791,1,0,0,0,0.0
2025-10-16 10:00:00,1593.0,0,0.5883084577114428,1,0,0,0,0.0
2025-10-16 11:00:00,1574.0,0,0.5889303482587065,1,0,0,0,0.0
2025-10-16 12:00:00,1604.0,0,0.5895522388059702,1,0,0,0,0.0
2025-10-16 13:00:00,1623.0,0,0.5901741293532339,1,0,0,0,0.0
2025-10-16 14:00:00,1631.0,0,0.5907960199004975,1,0,0,0,0.0
2025-10-16 15:00:00,1666.0,0,0.5914179104477612,1,0,0,0,0.0
2025-10-16 16:00:00,1674.0,0,0.5920398009950248,1,0,0,0,0.0
2025-10-16 17:00:00,1685.0,0,0.5926616915422885,1,0,0,0,0.0
2025-10-16 18:00:00,1701.0,0,0.5932835820895522,1,0,0,0,0.0
2025-10-16 19:00:00,1711.0,0,0.5939054726368159,1,0,0,0,0.0
2025-10-16 20:00:00,1697.0,0,0.5945273631840796,1,0,0,0,0.0
2025-10-16 21:00:00,1637.0,0,0.5951492537313433,1,0,0,0,0.0
2025-10-16 22:00:00,1673.0,0,0.595771144278607,1,0,0,0,0.0
2025-10-16 23:00:00,1701.0,0,0.5963930348258707,1,0,0,0,0.0
2025-10-17 00:00:00,1736.0,0,0.5970149253731343,1,0,0,0,0.0
2025-10-17 01:00:00,1756.0,0,0.597636815920398,1,0,0,0,0.0
2025-10-17 02:00:00,1746.0,0,0.5982587064676617,1,0,0,0,0.0
2025-10-17 03:00:00,1619.0,0,0.5988805970149254,1,0,0,0,0.0
2025-10-17 04:00:00,1615.0,0,0.599502487562189,1,0,0,0,0.0
2025-10-17 05:00:00,1653.0,0,0.6001243781094527,1,0,0,0,0.0
2025-10-17 06:00:00,1670.0,0,0.6007462686567164,1,0,0,0,0.0
2025-10-17 07:00:00,1671.0,0,0.6013681592039801,1,0,0,0,0.0
2025-10-17 08:00:00,1668.0,0,0.6019900497512438,1,0,0,0,0.0
2025-10-17 09:00:00,1637.0,0,0.6026119402985075,1,0,0,0,0.0
2025-10-17 10:00:00,1612.0,0,0.6032338308457711,1,0,0,0,0.0
2025-10-17 11:00:00,1581.0,0,0.6038557213930348,1,0,0,0,0.0
2025-10-17 12:00:00,1625.0,0,0.6044776119402985,1,0,0,0,0.0
2025-10-17 13:00:00,1646.0,0,0.6050995024875622,1,0,0,0,0.0
2025-10-17 14:00:00,1622.0,0,0.6057213930348259,1,0,0,0,0.0
2025-10-17 15:00:00,1665.0,0,0.6063432835820896,1,0,0,0,0.0
2025-10-17 16:00:00,1697.0,0,0.6069651741293532,1,0,0,0,0.0
2025-10-17 17:00:00,1711.0,0,0.6075870646766169,1,0,0,0,0.0
2025-10-17 18:00:00,1717.0,0,0.6082089552238806,1,0,0,0,0.0
2025-10-17 19:00:00,1732.0,0,0.6088308457711443,1,0,0,0,0.0
2025-10-17 20:00:00,1745.0,0,0.6094527363184079,1,0,0,0,0.0
2025-10-17 21:00:00,1721.0,0,0.6100746268656716,1,0,0,0,0.0
2025-10-17 22:00:00,1751.0,0,0.6106965174129353,1,0,0,0,0.0
2025-10-17 23:00:00,1754.0,0,0.611318407960199,1,0,0,0,0.0
2025-10-18 00:00:00,1752.0,1,0.6119402985074627,1,0,0,0,0.0
2025-10-18 01:00:00,1762.0,1,0.6125621890547264,1,0,0,0,0.0
2025-10-18 02:00:00,1738.0,1,0.6131840796019901,1,0,0,0,0.0
2025-10-18 03:00:00,1611.0,1,0.6138059701492538,1,0,0,0,0.0
2025-10-18 04:00:00,1653.0,1,0.6144278606965174,1,0,0,0,0.0
2025-10-18 05:00:00,1675.0,1,0.6150497512437811,1,0,0,0,0.0
2025-10-18 06:00:00,1675.0,1,0.6156716417910447,1,0,0,0,0.0
2025-10-18 07:00:00,1674.0,1,0.6162935323383084,1,0,0,0,0.0
2025-10-18 08:00:00,1702.0,1,0.6169154228855721,1,0,0,0,0.0
2025-10-18 09:00:00,1690.0,1,0.6175373134328358,1,0,0,0,0.0
2025-10-18 10:00:00,1674.0,1,0.6181592039800995,1,0,0,0,0.0
2025-10-18 11:00:00,1692.0,1,0.6187810945273632,1,0,0,0,0.0
2025-10-18 12:00:00,1716.0,1,0.6194029850746269,1,0,0,0,0.0
2025-10-18 13:00:00,1739.0,1,0.6200248756218906,1,0,0,0,0.0
2025-10-18 14:00:00,1749.0,1,0.6206467661691543,1,0,0,0,0.0
2025-10-18 15:00:00,1750.0,1,0.621268656716418,1,0,0,0,0.0
2025-10-18 16:00:00,1768.0,1,0.6218905472636815,1,0,0,0,0.0
2025-10-18 17:00:00,1792.0,1,0.6225124378109452,1,0,0,0,0.0
2025-10-18 18:00:00,1792.0,1,0.6231343283582089,1,0,0,0,0.0
2025-10-18 19:00:00,1803.0,1,0.6237562189054726,1,0,0,0,0.0
2025-10-18 20:00:00,1803.0,1,0.6243781094527363,1,0,0,0,0.0
2025-10-18 21:00:00,1746.0,1,0.625,1,0,0,0,0.0
2025-10-18 22:00:00,1774.0,1,0.6256218905472637,1,0,0,0,0.0
2025-10-18 23:00:00,1785.0,1,0.6262437810945274,1,0,0,0,0.0
2025-10-19 00:00:00,1789.0,1,0.6268656716417911,1,0,0,0,0.0
2025-10-19 01:00:00,1787.0,1,0.6274875621890548,1,0,0,0,0.0
2025-10-19 02:00:00,1755.0,1,0.6281094527363185,1,0,0,0,0.0
2025-10-19 03:00:00,1639.0,1,0.628731343283582,1,0,0,0,0.0
2025-10-19 04:00:00,1656.0,1,0.6293532338308457,1,0,0,0,0.0
2025-10-19 05:00:00,1675.0,1,0.6299751243781094,1,0,0,0,0.0
2025-10-19 06:00:00,1698.0,1,0.6305970149253731,1,0,0,0,0.0
2025-10-19 07:00:00,1709.0,1,0.6312189054726368,1,0,0,0,0.0
2025-10-19 08:00:00,1703.0,1,0.6318407960199005,1,0,0,0,0.0
2025-10-19 09:00:00,1679.0,1,0.6324626865671642,1,0,0,0,0.0
2025-10-19 10:00:00,1682.0,1,0.6330845771144279,1,0,0,0,0.0
2025-10-19 11:00:00,1711.0,1,0.6337064676616916,1,0,0,0,0.0
2025-10-19 12:00:00,1748.0,1,0.6343283582089553,1,0,0,0,0.0
2025-10-19 13:00:00,1755.0,1,0.6349502487562189,1,0,0,0,0.0
2025-10-19 14:00:00,1750.0,1,0.6355721393034826,1,0,0,0,0.0
2025-10-19 15:00:00,1764.0,1,0.6361940298507462,1,0,0,0,0.0
2025-10-19 16:00:00,1788.0,1,0.6368159203980099,1,0,0,0,0.0
2025-10-19 17:00:00,1794.0,1,0.6374378109452736,1,0,0,0,0.0
2025-10-19 18:00:00,1802.0,1,0.6380597014925373,1,0,0,0,0.0
2025-10-19 19:00:00,1819.0,1,0.638681592039801,1,0,0,0,0.0
2025-10-19 20:00:00,1782.0,1,0.6393034825870647,1,0,0,0,0.0
2025-10-19 21:00:00,1699.0,1,0.6399253731343284,1,0,0,0,0.0
2025-10-19 22:00:00,1669.0,1,0.6405472636815921,1,0,0,0,0.0
2025-10-19 23:00:00,1727.0,1,0.6411691542288557,1,0,0,0,0.0
2025-10-20 00:00:00,1765.0,0,0.6417910447761194,1,0,0,0,0.0
2025-10-20 01:00:00,1765.0,0,0.6424129353233831,1,0,0,0,0.0
2025-10-20 02:00:00,1663.0,0,0.6430348258706468,1,0,0,0,0.0
2025-10-20 03:00:00,1619.0,0,0.6436567164179104,1,0,0,0,0.0
2025-10-20 04:00:00,1646.0,0,0.6442786069651741,1,0,0,0,0.0
2025-10-20 05:00:00,1659.0,0,0.6449004975124378,1,0,0,0,0.0
2025-10-20 06:00:00,1685.0,0,0.6455223880597015,1,0,0,0,0.0
2025-10-20 07:00:00,1693.0,0,0.6461442786069652,1,0,0,0,0.0
2025-10-20 08:00:00,1691.0,0,0.6467661691542289,1,0,0,0,0.0
2025-10-20 09:00:00,1659.0,0,0.6473880597014925,1,0,0,0,0.0
2025-10-20 10:00:00,1591.0,0,0.6480099502487562,1,0,0,0,0.0
2025-10-20 11:00:00,1585.0,0,0.6486318407960199,1,0,0,0,0.0
2025-10-20 12:00:00,1618.0,0,0.6492537313432836,1,0,0,0,0.0
2025-10-20 13:00:00,1645.0,0,0.6498756218905473,1,0,0,0,0.0
2025-10-20 14:00:00,1638.0,0,0.650497512437811,1,0,0,0,0.0
2025-10-20 15:00:00,1687.0,0,0.6511194029850746,1,0,0,0,0.0
2025-10-20 16:00:00,1706.0,0,0.6517412935323383,1,0,0,0,0.0
2025-10-20 17:00:00,1693.0,0,0.652363184079602,1,0,0,0,0.0
2025-10-20 18:00:00,1706.0,0,0.6529850746268657,1,0,0,0,0.0
2025-10-20 19:00:00,1709.0,0,0.6536069651741293,1,0,0,0,0.0
2025-10-20 20:00:00,1710.0,0,0.654228855721393,1,0,0,0,0.0
2025-10-20 21:00:00,1636.0,0,0.6548507462686567,1,0,0,0,0.0
2025-10-20 22:00:00,1671.0,0,0.6554726368159204,1,0,0,0,0.0
2025-10-20 23:00:00,1715.0,0,0.6560945273631841,1,0,0,0,0.0
2025-10-21 00:00:00,1756.0,0,0.6567164179104478,1,0,0,0,0.0
2025-10-21 01:00:00,1748.0,0,0.6573383084577115,1,0,0,0,0.0
2025-10-21 02:00:00,1678.0,0,0.6579601990049752,1,0,0,0,0.0
2025-10-21 03:00:00,1617.0,0,0.6585820895522388,1,0,0,0,0.0
2025-10-21 04:00:00,1620.0,0,0.6592039800995025,1,0,0,0,0.0
2025-10-21 05:00:00,1635.0,0,0.6598258706467661,1,0,0,0,0.0
2025-10-21 06:00:00,1633.0,0,0.6604477611940298,1,0,0,0,0.0
2025-10-21 07:00:00,1639.0,0,0.6610696517412935,1,0,0,0,0.0
2025-10-21 08:00:00,1645.0,0,0.6616915422885572,1,0,0,0,0.0
2025-10-21 09:00:00,1548.0,0,0.6623134328358209,1,0,0,0,0.0
2025-10-21 10:00:00,1492.0,0,0.6629353233830846,1,0,0,0,0.0
2025-10-21 11:00:00,1530.0,0,0.6635572139303483,1,0,0,0,0.0
2025-10-21 12:00:00,1554.0,0,0.664179104477612,1,0,0,0,0.0
2025-10-21 13:00:00,1580.0,0,0.6648009950248757,1,0,0,0,0.0
2025-10-21 14:00:00,1546.0,0,0.6654228855721394,1,0,0,0,0.0
2025-10-21 15:00:00,1613.0,0,0.6660447761194029,1,0,0,0,0.0
2025-10-21 16:00:00,1648.0,0,0.6666666666666666,1,0,0,0,0.0
2025-10-21 17:00:00,1641.0,0,0.6672885572139303,1,0,0,0,0.0
2025-10-21 18:00:00,1665.0,0,0.667910447761194,1,0,0,0,0.0
2025-10-21 19:00:00,1666.0,0,0.6685323383084577,1,0,0,0,0.0
2025-10-21 20:00:00,1661.0,0,0.6691542288557214,1,0,0,0,0.0
2025-10-21 21:00:00,1611.0,0,0.6697761194029851,1,0,0,0,0.0
2025-10-21 22:00:00,1633.0,0,0.6703980099502488,1,0,0,0,0.0
2025-10-21 23:00:00,1665.0,0,0.6710199004975125,1,0,0,0,0.0
2025-10-22 00:00:00,1679.0,0,0.6716417910447762,1,0,0,0,0.0
2025-10-22 01:00:00,1679.0,0,0.6722636815920398,1,0,0,0,0.0
2025-10-22 02:00:00,1636.0,0,0.6728855721393034,1,0,0,0,0.0
2025-10-22 03:00:00,1601.0,0,0.6735074626865671,1,0,0,0,0.0
2025-10-22 04:00:00,1601.0,0,0.6741293532338308,1,0,0,0,0.0
2025-10-22 05:00:00,1613.0,0,0.6747512437810945,1,0,0,0,0.0
2025-10-22 06:00:00,1615.0,0,0.6753731343283582,1,0,0,0,0.0
2025-10-22 07:00:00,1472.0,0,0.6759950248756219,1,0,0,0,0.0
2025-10-22 08:00:00,1428.0,0,0.6766169154228856,1,0,0,0,0.0
2025-10-22 09:00:00,1421.0,0,0.6772388059701493,1,0,0,0,0.0
2025-10-22 10:00:00,1443.0,0,0.677860696517413,1,0,0,0,0.0
2025-10-22 11:00:00,1506.0,0,0.6784825870646766,1,0,0,0,0.0
2025-10-22 12:00:00,1561.0,0,0.6791044776119403,1,0,0,0,0.0
2025-10-22 13:00:00,1576.0,0,0.679726368159204,1,0,0,0,0.0
2025-10-22 14:00:00,1585.0,0,0.6803482587064676,1,0,0,0,0.0
2025-10-22 15:00:00,1632.0,0,0.6809701492537313,1,0,0,0,0.0
2025-10-22 16:00:00,1674.0,0,0.681592039800995,1,0,0,0,0.0
2025-10-22 17:00:00,1675.0,0,0.6822139303482587,1,0,0,0,0.0
2025-10-22 18:00:00,1675.0,0,0.6828358208955224,1,0,0,0,0.0
2025-10-22 19:00:00,1680.0,0,0.6834577114427861,1,0,0,0,0.0
2025-10-22 20:00:00,1678.0,0,0.6840796019900498,1,0,0,0,0.0
2025-10-22 21:00:00,1649.0,0,0.6847014925373134,1,0,0,0,0.0
2025-10-22 22:00:00,1693.0,0,0.6853233830845771,1,0,0,0,0.0
2025-10-22 23:00:00,1720.0,0,0.6859452736318408,1,0,0,0,0.0
2025-10-23 00:00:00,1754.0,0,0.6865671641791045,1,0,0,0,0.0
2025-10-23 01:00:00,1754.0,0,0.6871890547263682,1,0,0,0,0.0
2025-10-23 02:00:00,1747.0,0,0.6878109452736318,1,0,0,0,0.0
2025-10-23 03:00:00,1639.0,0,0.6884328358208955,1,0,0,0,0.0
2025-10-23 04:00:00,1630.0,0,0.6890547263681592,1,0,0,0,0.0
2025-10-23 05:00:00,1657.0,0,0.6896766169154229,1,0,0,0,0.0
2025-10-23 06:00:00,1579.0,0,0.6902985074626866,1,0,0,0,0.0
2025-10-23 07:00:00,1479.0,0,0.6909203980099502,1,0,0,0,0.0
2025-10-23 08:00:00,1470.0,0,0.6915422885572139,1,0,0,0,0.0
2025-10-23 09:00:00,1478.0,0,0.6921641791044776,1,0,0,0,0.0
2025-10-23 10:00:00,1501.0,0,0.6927860696517413,1,0,0,0,0.0
2025-10-23 11:00:00,1589.0,0,0.693407960199005,1,0,0,0,0.0
2025-10-23 12:00:00,1635.0,0,0.6940298507462687,1,0,0,0,0.0
2025-10-23 13:00:00,1692.0,0,0.6946517412935324,1,0,0,0,0.0
2025-10-23 14:00:00,1690.0,0,0.695273631840796,1,0,0,0,0.0
2025-10-23 15:00:00,1728.0,0,0.6958955223880597,1,0,0,0,0.0
2025-10-23 16:00:00,1744.0,0,0.6965174129353234,1,0,0,0,0.0
2025-10-23 17:00:00,1747.0,0,0.697139303482587,1,0,0,0,0.0
2025-10-23 18:00:00,1751.0,0,0.6977611940298507,1,0,0,0,0.0
2025-10-23 19:00:00,1760.0,0,0.6983830845771144,1,0,0,0,0.0
2025-10-23 20:00:00,1769.0,0,0.6990049751243781,1,0,0,0,0.0
2025-10-23 21:00:00,1703.0,0,0.6996268656716418,1,0,0,0,0.0
2025-10-23 22:00:00,1738.0,0,0.7002487562189055,1,0,0,0,0.0
2025-10-23 23:00:00,1783.0,0,0.7008706467661692,1,0,0,0,0.0
2025-10-24 00:00:00,1793.0,0,0.7014925373134329,1,0,0,0,0.0
2025-10-24 01:00:00,1809.0,0,0.7021144278606966,1,0,0,0,0.0
2025-10-24 02:00:00,1807.0,0,0.7027363184079602,1,0,0,0,0.0
2025-10-24 03:00:00,1667.0,0,0.7033582089552238,1,0,0,0,0.0
2025-10-24 04:00:00,1639.0,0,0.7039800995024875,1,0,0,0,0.0
2025-10-24 05:00:00,1640.0,0,0.7046019900497512,1,0,0,0,0.0
2025-10-24 06:00:00,1512.0,0,0.7052238805970149,1,0,0,0,0.0
2025-10-24 07:00:00,1512.0,0,0.7058457711442786,1,0,0,0,0.0
2025-10-24 08:00:00,1508.0,0,0.7064676616915423,1,0,0,0,0.0
2025-10-24 09:00:00,1504.0,0,0.707089552238806,1,0,0,0,0.0
2025-10-24 10:00:00,1597.0,0,0.7077114427860697,1,0,0,0,0.0
2025-10-24 11:00:00,1607.0,0,0.7083333333333334,1,0,0,0,0.0
2025-10-24 12:00:00,1625.0,0,0.7089552238805971,1,0,0,0,0.0
2025-10-24 13:00:00,1632.0,0,0.7095771144278606,1,0,0,0,0.0
2025-10-24 14:00:00,1666.0,0,0.7101990049751243,1,0,0,0,0.0
2025-10-24 15:00:00,1687.0,0,0.710820895522388,1,0,0,0,0.0
2025-10-24 16:00:00,1743.0,0,0.7114427860696517,1,0,0,0,0.0
2025-10-24 17:00:00,1753.0,0,0.7120646766169154,1,0,0,0,0.0
2025-10-24 18:00:00,1770.0,0,0.7126865671641791,1,0,0,0,0.0
2025-10-24 19:00:00,1791.0,0,0.7133084577114428,1,0,0,0,0.0
2025-10-24 20:00:00,1787.0,0,0.7139303482587065,1,0,0,0,0.0
2025-10-24 21:00:00,1783.0,0,0.7145522388059702,1,0,0,0,0.0
2025-10-24 22:00:00,1802.0,0,0.7151741293532339,1,0,0,0,0.0
2025-10-24 23:00:00,1825.0,0,0.7157960199004975,1,0,0,0,0.0
2025-10-25 00:00:00,1827.0,1,0.7164179104477612,1,0,0,0,0.0
2025-10-25 01:00:00,1840.0,1,0.7170398009950248,1,0,0,0,0.0
2025-10-25 02:00:00,1839.0,1,0.7176616915422885,1,0,0,0,0.0
2025-10-25 03:00:00,1693.0,1,0.7182835820895522,1,0,0,0,0.0
2025-10-25 04:00:00,1669.0,1,0.7189054726368159,1,0,0,0,0.0
2025-10-25 05:00:00,1658.0,1,0.7195273631840796,1,0,0,0,0.0
2025-10-25 06:00:00,1566.0,1,0.7201492537313433,1,0,0,0,0.0
2025-10-25 07:00:00,1543.0,1,0.720771144278607,1,0,0,0,0.0
2025-10-25 08:00:00,1543.0,1,0.7213930348258707,1,0,0,0,0.0
2025-10-25 09:00:00,1526.0,1,0.7220149253731343,1,0,0,0,0.0
2025-10-25 10:00:00,1560.0,1,0.722636815920398,1,0,0,0,0.0
2025-10-25 11:00:00,1703.0,1,0.7232587064676617,1,0,0,0,0.0
2025-10-25 12:00:00,1775.0,1,0.7238805970149254,1,0,0,0,0.0
2025-10-25 13:00:00,1780.0,1,0.724502487562189,1,0,0,0,0.0
2025-10-25 14:00:00,1768.0,1,0.7251243781094527,1,0,0,0,0.0
2025-10-25 15:00:00,1784.0,1,0.7257462686567164,1,0,0,0,0.0
2025-10-25 16:00:00,1816.0,1,0.7263681592039801,1,0,0,0,0.0
2025-10-25 17:00:00,1838.0,1,0.7269900497512438,1,0,0,0,0.0
2025-10-25 18:00:00,1863.0,1,0.7276119402985075,1,0,0,0,0.0
2025-10-25 19:00:00,1867.0,1,0.7282338308457711,1,0,0,0,0.0
2025-10-25 20:00:00,1876.0,1,0.7288557213930348,1,0,0,0,0.0
2025-10-25 21:00:00,1822.0,1,0.7294776119402985,1,0,0,0,0.0
2025-10-25 22:00:00,1845.0,1,0.7300995024875622,1,0,0,0,0.0
2025-10-25 23:00:00,1884.0,1,0.7307213930348259,1,0,0,0,0.0
2025-10-26 00:00:00,1891.0,1,0.7313432835820896,1,0,0,0,0.0
2025-10-26 01:00:00,1889.0,1,0.7319651741293532,1,0,0,0,0.0
2025-10-26 02:00:00,1874.0,1,0.7325870646766169,1,0,0,0,0.0
2025-10-26 03:00:00,1707.0,1,0.7332089552238806,1,0,0,0,0.0
2025-10-26 04:00:00,1675.0,1,0.7338308457711443,1,0,0,0,0.0
2025-10-26 05:00:00,1684.0,1,0.7344527363184079,1,0,0,0,0.0
2025-10-26 06:00:00,1567.0,1,0.7350746268656716,1,0,0,0,0.0
2025-10-26 07:00:00,1559.0,1,0.7356965174129353,1,0,0,0,0.0
2025-10-26 08:00:00,1555.0,1,0.736318407960199,1,0,0,0,0.0
2025-10-26 09:00:00,1564.0,1,0.7369402985074627,1,0,0,0,0.0
2025-10-26 10:00:00,1562.0,1,0.7375621890547264,1,0,0,0,0.0
2025-10-26 11:00:00,1631.0,1,0.7381840796019901,1,0,0,0,0.0
2025-10-26 12:00:00,1789.0,1,0.7388059701492538,1,0,0,0,0.0
2025-10-26 13:00:00,1793.0,1,0.7394278606965174,1,0,0,0,0.0
2025-10-26 14:00:00,1799.0,1,0.7400497512437811,1,0,0,0,0.0
2025-10-26 15:00:00,1817.0,1,0.7406716417910447,1,0,0,0,0.0
2025-10-26 16:00:00,1829.0,1,0.7412935323383084,1,0,0,0,0.0
2025-10-26 17:00:00,1861.0,1,0.7419154228855721,1,0,0,0,0.0
2025-10-26 18:00:00,1881.0,1,0.7425373134328358,1,0,0,0,0.0
2025-10-26 19:00:00,1894.0,1,0.7431592039800995,1,0,0,0,0.0
2025-10-26 20:00:00,1881.0,1,0.7437810945273632,1,0,0,0,0.0
2025-10-26 21:00:00,1789.0,1,0.7444029850746269,1,0,0,0,0.0
2025-10-26 22:00:00,1788.0,1,0.7450248756218906,1,0,0,0,0.0
2025-10-26 23:00:00,1857.0,1,0.7456467661691543,1,0,0,0,0.0
2025-10-27 00:00:00,1888.0,0,0.746268656716418,1,0,0,0,0.0
2025-10-27 01:00:00,1880.0,0,0.7468905472636815,1,0,0,0,0.0
2025-10-27 02:00:00,1824.0,0,0.7475124378109452,1,0,0,0,0.0
2025-10-27 03:00:00,1682.0,0,0.7481343283582089,1,0,0,0,0.0
2025-10-27 04:00:00,1679.0,0,0.7487562189054726,1,0,0,0,0.0
2025-10-27 05:00:00,1676.0,0,0.7493781094527363,1,0,0,0,0.0
2025-10-27 06:00:00,1562.0,0,0.75,1,0,0,0,0.0
2025-10-27 07:00:00,1533.0,0,0.7506218905472637,1,0,0,0,0.0
2025-10-27 08:00:00,1518.0,0,0.7512437810945274,1,0,0,0,0.0
2025-10-27 09:00:00,1514.0,0,0.7518656716417911,1,0,0,0,0.0
2025-10-27 10:00:00,1561.0,0,0.7524875621890548,1,0,0,0,0.0
2025-10-27 11:00:00,1621.0,0,0.7531094527363185,1,0,0,0,0.0
2025-10-27 12:00:00,1625.0,0,0.753731343283582,1,0,0,0,0.0
2025-10-27 13:00:00,1657.0,0,0.7543532338308457,1,0,0,0,0.0
2025-10-27 14:00:00,1663.0,0,0.7549751243781094,1,0,0,0,0.0
2025-10-27 15:00:00,1687.0,0,0.7555970149253731,1,0,0,0,0.0
2025-10-27 16:00:00,1747.0,0,0.7562189054726368,1,0,0,0,0.0
2025-10-27 17:00:00,1751.0,0,0.7568407960199005,1,0,0,0,0.0
2025-10-27 18:00:00,1771.0,0,0.7574626865671642,1,0,0,0,0.0
2025-10-27 19:00:00,1774.0,0,0.7580845771144279,1,0,0,0,0.0
2025-10-27 20:00:00,1771.0,0,0.7587064676616916,1,0,0,0,0.0
2025-10-27 21:00:00,1718.0,0,0.7593283582089553,1,0,0,0,0.0
2025-10-27 22:00:00,1731.0,0,0.7599502487562189,1,0,0,0,0.0
2025-10-27 23:00:00,1784.0,0,0.7605721393034826,1,0,0,0,0.0
2025-10-28 00:00:00,1791.0,0,0.7611940298507462,1,0,0,0,0.0
2025-10-28 01:00:00,1790.0,0,0.7618159203980099,1,0,0,0,0.0
2025-10-28 02:00:00,1748.0,0,0.7624378109452736,1,0,0,0,0.0
2025-10-28 03:00:00,1658.0,0,0.7630597014925373,1,0,0,0,0.0
2025-10-28 04:00:00,1656.0,0,0.763681592039801,1,0,0,0,0.0
2025-10-28 05:00:00,1641.0,0,0.7643034825870647,1,0,0,0,0.0
2025-10-28 06:00:00,1531.0,0,0.7649253731343284,1,0,0,0,0.0
2025-10-28 07:00:00,1523.0,0,0.7655472636815921,1,0,0,0,0.0
2025-10-28 08:00:00,1523.0,0,0.7661691542288557,1,0,0,0,0.0
2025-10-28 09:00:00,1539.0,0,0.7667910447761194,1,0,0,0,0.0
2025-10-28 10:00:00,1633.0,0,0.7674129353233831,1,0,0,0,0.0
2025-10-28 11:00:00,1606.0,0,0.7680348258706468,1,0,0,0,0.0
2025-10-28 12:00:00,1616.0,0,0.7686567164179104,1,0,0,0,0.0
2025-10-28 13:00:00,1632.0,0,0.7692786069651741,1,0,0,0,0.0
2025-10-28 14:00:00,1618.0,0,0.7699004975124378,1,0,0,0,0.0
2025-10-28 15:00:00,1672.0,0,0.7705223880597015,1,0,0,0,0.0
2025-10-28 16:00:00,1694.0,0,0.7711442786069652,1,0,0,0,0.0
2025-10-28 17:00:00,1700.0,0,0.7717661691542289,1,0,0,0,0.0
2025-10-28 18:00:00,1732.0,0,0.7723880597014925,1,0,0,0,0.0
2025-10-28 19:00:00,1726.0,0,0.7730099502487562,1,0,0,0,0.0
2025-10-28 20:00:00,1727.0,0,0.7736318407960199,1,0,0,0,0.0
2025-10-28 21:00:00,1680.0,0,0.7742537313432836,1,0,0,0,0.0
2025-10-28 22:00:00,1699.0,0,0.7748756218905473,1,0,0,0,0.0
2025-10-28 23:00:00,1753.0,0,0.775497512437811,1,0,0,0,0.0
2025-10-29 00:00:00,1758.0,0,0.7761194029850746,1,0,0,0,0.0
2025-10-29 01:00:00,1779.0,0,0.7767412935323383,1,0,0,0,0.0
2025-10-29 02:00:00,1746.0,0,0.777363184079602,1,0,0,0,0.0
2025-10-29 03:00:00,1670.0,0,0.7779850746268657,1,0,0,0,0.0
2025-10-29 04:00:00,1662.0,0,0.7786069651741293,1,0,0,0,0.0
2025-10-29 05:00:00,1668.0,0,0.779228855721393,1,0,0,0,0.0
2025-10-29 06:00:00,1561.0,0,0.7798507462686567,1,0,0,0,0.0
2025-10-29 07:00:00,1557.0,0,0.7804726368159204,1,0,0,0,0.0
2025-10-29 08:00:00,1605.0,0,0.7810945273631841,1,0,0,0,0.0
2025-10-29 09:00:00,1700.0,0,0.7817164179104478,1,0,0,0,0.0
2025-10-29 10:00:00,1650.0,0,0.7823383084577115,1,0,0,0,0.0
2025-10-29 11:00:00,1619.0,0,0.7829601990049752,1,0,0,0,0.0
2025-10-29 12:00:00,1636.0,0,0.7835820895522388,1,0,0,0,0.0
2025-10-29 13:00:00,1660.0,0,0.7842039800995025,1,0,0,0,0.0
2025-10-29 14:00:00,1663.0,0,0.7848258706467661,1,0,0,0,0.0
2025-10-29 15:00:00,1667.0,0,0.7854477611940298,1,0,0,0,0.0
2025-10-29 16:00:00,1670.0,0,0.7860696517412935,1,0,0,0,0.0
2025-10-29 17:00:00,1674.0,0,0.7866915422885572,1,0,0,0,0.0
2025-10-29 18:00:00,1677.0,0,0.7873134328358209,1,0,0,0,0.0
2025-10-29 19:00:00,1681.0,0,0.7879353233830846,1,0,0,0,0.0
2025-10-29 20:00:00,1684.0,0,0.7885572139303483,1,0,0,0,0.0
2025-10-29 21:00:00,1688.0,0,0.789179104477612,1,0,0,0,0.0
2025-10-29 22:00:00,1691.0,0,0.7898009950248757,1,0,0,0,0.0
2025-10-29 23:00:00,1695.0,0,0.7904228855721394,1,0,0,0,0.0
2025-10-30 00:00:00,1698.0,0,0.7910447761194029,1,0,0,0,0.0
2025-10-30 01:00:00,1702.0,0,0.7916666666666666,1,0,0,0,0.0
2025-10-30 02:00:00,1705.0,0,0.7922885572139303,1,0,0,0,0.0
2025-10-30 03:00:00,1709.0,0,0.792910447761194,1,0,0,0,0.0
2025-10-30 04:00:00,1712.0,0,0.7935323383084577,1,0,0,0,0.0
2025-10-30 05:00:00,1716.0,0,0.7941542288557214,1,0,0,0,0.0
2025-10-30 06:00:00,1719.0,0,0.7947761194029851,1,0,0,0,0.0
2025-10-30 07:00:00,1722.0,0,0.7953980099502488,1,0,0,0,0.0
2025-10-30 08:00:00,1726.0,0,0.7960199004975125,1,0,0,0,0.0
2025-10-30 09:00:00,1729.0,0,0.7966417910447762,1,0,0,0,0.0
2025-10-30 10:00:00,1733.0,0,0.7972636815920398,1,0,0,0,0.0
2025-10-30 11:00:00,1736.0,0,0.7978855721393034,1,0,0,0,0.0
2025-10-30 12:00:00,1740.0,0,0.7985074626865671,1,0,0,0,0.0
2025-10-30 13:00:00,1743.0,0,0.7991293532338308,1,0,0,0,0.0
2025-10-30 14:00:00,1747.0,0,0.7997512437810945,1,0,0,0,0.0
2025-10-30 15:00:00,1750.0,0,0.8003731343283582,1,0,0,0,0.0
2025-10-30 16:00:00,1754.0,0,0.8009950248756219,1,0,0,0,0.0
2025-10-30 17:00:00,1757.0,0,0.8016169154228856,1,0,0,0,0.0
2025-10-30 18:00:00,1761.0,0,0.8022388059701493,1,0,0,0,0.0
2025-10-30 19:00:00,1764.0,0,0.802860696517413,1,0,0,0,0.0
2025-10-30 20:00:00,1768.0,0,0.8034825870646766,1,0,0,0,0.0
2025-10-30 21:00:00,1771.0,0,0.8041044776119403,1,0,0,0,0.0
2025-10-30 22:00:00,1775.0,0,0.804726368159204,1,0,0,0,0.0
2025-10-30 23:00:00,1778.0,0,0.8053482587064676,1,0,0,0,0.0
2025-10-31 00:00:00,1782.0,0,0.8059701492537313,1,0,0,0,0.0
2025-10-31 01:00:00,1785.0,0,0.806592039800995,1,0,0,0,0.0
2025-10-31 02:00:00,1788.0,0,0.8072139303482587,1,0,0,0,0.0
2025-10-31 03:00:00,1792.0,0,0.8078358208955224,1,0,0,0,0.0
2025-10-31 04:00:00,1795.0,0,0.8084577114427861,1,0,0,0,0.0
2025-10-31 05:00:00,1799.0,0,0.8090796019900498,1,0,0,0,0.0
2025-10-31 06:00:00,1802.0,0,0.8097014925373134,1,0,0,0,0.0
2025-10-31 07:00:00,1806.0,0,0.8103233830845771,1,0,0,0,0.0
2025-10-31 08:00:00,1809.0,0,0.8109452736318408,1,0,0,0,0.0
2025-10-31 09:00:00,1813.0,0,0.8115671641791045,1,0,0,0,0.0
2025-10-31 10:00:00,1816.0,0,0.8121890547263682,1,0,0,0,0.0
2025-10-31 11:00:00,1820.0,0,0.8128109452736318,1,0,0,0,0.0
2025-10-31 12:00:00,1823.0,0,0.8134328358208955,1,0,0,0,0.0
2025-10-31 13:00:00,1827.0,0,0.8140547263681592,1,0,0,0,0.0
2025-10-31 14:00:00,1830.0,0,0.8146766169154229,1,0,0,0,0.0
2025-10-31 15:00:00,1834.0,0,0.8152985074626866,1,0,0,0,0.0
2025-10-31 16:00:00,1837.0,0,0.8159203980099502,1,0,0,0,0.0
2025-10-31 17:00:00,1841.0,0,0.8165422885572139,1,0,0,0,0.0
2025-10-31 18:00:00,1844.0,0,0.8171641791044776,1,0,0,0,0.0
2025-10-31 19:00:00,1844.0,0,0.8177860696517413,1,0,0,0,0.0
2025-10-31 20:00:00,1873.0,0,0.818407960199005,1,0,0,0,0.0
2025-10-31 21:00:00,1891.0,0,0.8190298507462687,1,0,0,0,0.0
2025-10-31 22:00:00,1897.0,0,0.8196517412935324,1,0,0,0,0.0
2025-10-31 23:00:00,1897.0,0,0.820273631840796,1,0,0,0,0.0
2025-11-01 00:00:00,1762.0,1,0.8208955223880597,1,0,0,0,0.0
2025-11-01 01:00:00,1751.0,1,0.8215174129353234,1,0,0,0,0.0
2025-11-01 02:00:00,1739.0,1,0.822139303482587,1,0,0,0,0.0
2025-11-01 03:00:00,1745.0,1,0.8227611940298507,1,0,0,0,0.0
2025-11-01 04:00:00,1786.0,1,0.8233830845771144,1,0,0,0,0.0
2025-11-01 05:00:00,1780.0,1,0.8240049751243781,1,0,0,0,0.0
2025-11-01 06:00:00,1792.0,1,0.8246268656716418,1,0,0,0,0.0
2025-11-01 07:00:00,1809.0,1,0.8252487562189055,1,0,0,0,0.0
2025-11-01 08:00:00,1815.0,1,0.8258706467661692,1,0,0,0,0.0
2025-11-01 09:00:00,1815.0,1,0.8264925373134329,1,0,0,0,0.0
2025-11-01 10:00:00,1838.0,1,0.8271144278606966,1,0,0,0,0.0
2025-11-01 11:00:00,1856.0,1,0.8277363184079602,1,0,0,0,0.0
2025-11-01 12:00:00,1856.0,1,0.8283582089552238,1,0,0,0,0.0
2025-11-01 13:00:00,1867.0,1,0.8289800995024875,1,0,0,0,0.0
2025-11-01 14:00:00,1885.0,1,0.8296019900497512,1,0,0,0,0.0
2025-11-01 15:00:00,1914.0,1,0.8302238805970149,1,0,0,0,0.0
2025-11-01 16:00:00,1932.0,1,0.8308457711442786,1,0,0,0,0.0
2025-11-01 17:00:00,1914.0,1,0.8314676616915423,1,0,0,0,0.0
2025-11-01 18:00:00,1862.0,1,0.832089552238806,1,0,0,0,0.0
2025-11-01 19:00:00,1885.0,1,0.8327114427860697,1,0,0,0,0.0
2025-11-01 20:00:00,1932.0,1,0.8333333333333334,1,0,0,0,0.0
2025-11-01 21:00:00,1932.0,1,0.8339552238805971,1,0,0,0,0.0
2025-11-01 22:00:00,1926.0,1,0.8345771144278606,1,0,0,0,0.0
2025-11-01 23:00:00,1920.0,1,0.8351990049751243,1,0,0,0,0.0
2025-11-02 00:00:00,1792.0,1,0.835820895522388,1,0,0,0,0.0
2025-11-02 01:00:00,1716.0,1,0.8364427860696517,1,0,0,0,0.0
2025-11-02 02:00:00,1722.0,1,0.8370646766169154,1,0,0,0,0.0
2025-11-02 03:00:00,1745.0,1,0.8376865671641791,1,0,0,0,0.0
2025-11-02 04:00:00,1692.0,1,0.8383084577114428,1,0,0,0,0.0
2025-11-02 05:00:00,1786.0,1,0.8389303482587065,1,0,0,0,0.0
2025-11-02 06:00:00,1797.0,1,0.8395522388059702,1,0,0,0,0.0
2025-11-02 07:00:00,1815.0,1,0.8401741293532339,1,0,0,0,0.0
2025-11-02 08:00:00,1792.0,1,0.8407960199004975,1,0,0,0,0.0
2025-11-02 09:00:00,1832.0,1,0.8414179104477612,1,0,0,0,0.0
2025-11-02 10:00:00,1838.0,1,0.8420398009950248,1,0,0,0,0.0
2025-11-02 11:00:00,1809.0,1,0.8426616915422885,1,0,0,0,0.0
2025-11-02 12:00:00,1856.0,1,0.8432835820895522,1,0,0,0,0.0
2025-11-02 13:00:00,1879.0,1,0.8439054726368159,1,0,0,0,0.0
2025-11-02 14:00:00,1891.0,1,0.8445273631840796,1,0,0,0,0.0
2025-11-02 15:00:00,1914.0,1,0.8451492537313433,1,0,0,0,0.0
2025-11-02 16:00:00,1932.0,1,0.845771144278607,1,0,0,0,0.0
2025-11-02 17:00:00,1920.0,1,0.8463930348258707,1,0,0,0,0.0
2025-11-02 18:00:00,1821.0,1,0.8470149253731343,1,0,0,0,0.0
2025-11-02 19:00:00,1809.0,1,0.847636815920398,1,0,0,0,0.0
2025-11-02 20:00:00,1902.0,1,0.8482587064676617,1,0,0,0,0.0
2025-11-02 21:00:00,1920.0,1,0.8488805970149254,1,0,0,0,0.0
2025-11-02 22:00:00,1926.0,1,0.849502487562189,1,0,0,0,0.0
2025-11-02 23:00:00,1885.0,1,0.8501243781094527,1,0,0,0,0.0
2025-11-03 00:00:00,1768.0,0,0.8507462686567164,1,0,0,0,0.0
2025-11-03 01:00:00,1704.0,0,0.8513681592039801,1,0,0,0,0.0
2025-11-03 02:00:00,1727.0,0,0.8519900497512438,1,0,0,0,0.0
2025-11-03 03:00:00,1745.0,0,0.8526119402985075,1,0,0,0,0.0
2025-11-03 04:00:00,1692.0,0,0.8532338308457711,1,0,0,0,0.0
2025-11-03 05:00:00,1803.0,0,0.8538557213930348,1,0,0,0,0.0
2025-11-03 06:00:00,1803.0,0,0.8544776119402985,1,0,0,0,0.0
2025-11-03 07:00:00,1745.0,0,0.8550995024875622,1,0,0,0,0.0
2025-11-03 08:00:00,1681.0,0,0.8557213930348259,1,0,0,0,0.0
2025-11-03 09:00:00,1757.0,0,0.8563432835820896,1,0,0,0,0.0
2025-11-03 10:00:00,1710.0,0,0.8569651741293532,1,0,0,0,0.0
2025-11-03 11:00:00,1722.0,0,0.8575870646766169,1,0,0,0,0.0
2025-11-03 12:00:00,1745.0,0,0.8582089552238806,1,0,0,0,0.0
2025-11-03 13:00:00,1809.0,0,0.8588308457711443,1,0,0,0,0.0
2025-11-03 14:00:00,1792.0,0,0.8594527363184079,1,0,0,0,0.0
2025-11-03 15:00:00,1792.0,0,0.8600746268656716,1,0,0,0,0.0
2025-11-03 16:00:00,1797.0,0,0.8606965174129353,1,0,0,0,0.0
2025-11-03 17:00:00,1809.0,0,0.861318407960199,1,0,0,0,0.0
2025-11-03 18:00:00,1751.0,0,0.8619402985074627,1,0,0,0,0.0
2025-11-03 19:00:00,1751.0,0,0.8625621890547264,1,0,0,0,0.0
2025-11-03 20:00:00,1815.0,0,0.8631840796019901,1,0,0,0,0.0
2025-11-03 21:00:00,1821.0,0,0.8638059701492538,1,0,0,0,0.0
2025-11-03 22:00:00,1827.0,0,0.8644278606965174,1,0,0,0,0.0
2025-11-03 23:00:00,1757.0,0,0.8650497512437811,1,0,0,0,0.0
2025-11-04 00:00:00,1704.0,0,0.8656716417910447,1,0,0,0,0.0
2025-11-04 01:00:00,1692.0,0,0.8662935323383084,1,0,0,0,0.0
2025-11-04 02:00:00,1657.0,0,0.8669154228855721,1,0,0,0,0.0
2025-11-04 03:00:00,1704.0,0,0.8675373134328358,1,0,0,0,0.0
2025-11-04 04:00:00,1739.0,0,0.8681592039800995,1,0,0,0,0.0
2025-11-04 05:00:00,1751.0,0,0.8687810945273632,1,0,0,0,0.0
2025-11-04 06:00:00,1669.0,0,0.8694029850746269,1,0,0,0,0.0
2025-11-04 07:00:00,1646.0,0,0.8700248756218906,1,0,0,0,0.0
2025-11-04 08:00:00,1628.0,0,0.8706467661691543,1,0,0,0,0.0
2025-11-04 09:00:00,1634.0,0,0.871268656716418,1,0,0,0,0.0
2025-11-04 10:00:00,1646.0,0,0.8718905472636815,1,0,0,0,0.0
2025-11-04 11:00:00,1657.0,0,0.8725124378109452,1,0,0,0,0.0
2025-11-04 12:00:00,1692.0,0,0.8731343283582089,1,0,0,0,0.0
2025-11-04 13:00:00,1704.0,0,0.8737562189054726,1,0,0,0,0.0
2025-11-04 14:00:00,1669.0,0,0.8743781094527363,1,0,0,0,0.0
2025-11-04 15:00:00,1663.0,0,0.875,1,0,0,0,0.0
2025-11-04 16:00:00,1692.0,0,0.8756218905472637,1,0,0,0,0.0
2025-11-04 17:00:00,1681.0,0,0.8762437810945274,1,0,0,0,0.0
2025-11-04 18:00:00,1663.0,0,0.8768656716417911,1,0,0,0,0.0
2025-11-04 19:00:00,1675.0,0,0.8774875621890548,1,0,0,0,0.0
2025-11-04 20:00:00,1710.0,0,0.8781094527363185,1,0,0,0,0.0
2025-11-04 21:00:00,1727.0,0,0.878731343283582,1,0,0,0,0.0
2025-11-04 22:00:00,1710.0,0,0.8793532338308457,1,0,0,0,0.0
2025-11-04 23:00:00,1669.0,0,0.8799751243781094,1,0,0,0,0.0
2025-11-05 00:00:00,1622.0,0,0.8805970149253731,1,0,0,0,0.0
2025-11-05 01:00:00,1628.0,0,0.8812189054726368,1,0,0,0,0.0
2025-11-05 02:00:00,1634.0,0,0.8818407960199005,1,0,0,0,0.0
2025-11-05 03:00:00,1646.0,0,0.8824626865671642,1,0,0,0,0.0
2025-11-05 04:00:00,1622.0,0,0.8830845771144279,1,0,0,0,0.0
2025-11-05 05:00:00,1622.0,0,0.8837064676616916,1,0,0,0,0.0
2025-11-05 06:00:00,1634.0,0,0.8843283582089553,1,0,0,0,0.0
2025-11-05 07:00:00,1622.0,0,0.8849502487562189,1,0,0,0,0.0
2025-11-05 08:00:00,1624.0,0,0.8855721393034826,1,0,0,0,0.0
2025-11-05 09:00:00,1611.0,0,0.8861940298507462,1,0,0,0,0.0
2025-11-05 10:00:00,1622.0,0,0.8868159203980099,1,0,0,0,0.0
2025-11-05 11:00:00,1640.0,0,0.8874378109452736,1,0,0,0,0.0
2025-11-05 12:00:00,1652.0,0,0.8880597014925373,1,0,0,0,0.0
2025-11-05 13:00:00,1669.0,0,0.888681592039801,1,0,0,0,0.0
2025-11-05 14:00:00,1681.0,0,0.8893034825870647,1,0,0,0,0.0
2025-11-05 15:00:00,1663.0,0,0.8899253731343284,1,0,0,0,0.0
2025-11-05 16:00:00,1698.0,0,0.8905472636815921,1,0,0,0,0.0
2025-11-05 17:00:00,1681.0,0,0.8911691542288557,1,0,0,0,0.0
2025-11-05 18:00:00,1646.0,0,0.8917910447761194,1,0,0,0,0.0
2025-11-05 19:00:00,1692.0,0,0.8924129353233831,1,0,0,0,0.0
2025-11-05 20:00:00,1704.0,0,0.8930348258706468,1,0,0,0,0.0
2025-11-05 21:00:00,1722.0,0,0.8936567164179104,1,0,0,0,0.0
2025-11-05 22:00:00,1710.0,0,0.8942786069651741,1,0,0,0,0.0
2025-11-05 23:00:00,1692.0,0,0.8949004975124378,1,0,0,0,0.0
2025-11-06 00:00:00,1704.0,0,0.8955223880597015,1,0,0,0,0.0
2025-11-06 01:00:00,1654.0,0,0.8961442786069652,1,0,0,0,0.0
2025-11-06 02:00:00,1698.0,0,0.8967661691542289,1,0,0,0,0.0
2025-11-06 03:00:00,1692.0,0,0.8973880597014925,1,0,0,0,0.0
2025-11-06 04:00:00,1669.0,0,0.8980099502487562,1,0,0,0,0.0
2025-11-06 05:00:00,1692.0,0,0.8986318407960199,1,0,0,0,0.0
2025-11-06 06:00:00,1628.0,0,0.8992537313432836,1,0,0,0,0.0
2025-11-06 07:00:00,1599.0,0,0.8998756218905473,1,0,0,0,0.0
2025-11-06 08:00:00,1640.0,0,0.900497512437811,1,0,0,0,0.0
2025-11-06 09:00:00,1675.0,0,0.9011194029850746,1,0,0,0,0.0
2025-11-06 10:00:00,1640.0,0,0.9017412935323383,1,0,0,0,0.0
2025-11-06 11:00:00,1675.0,0,0.902363184079602,1,0,0,0,0.0
2025-11-06 12:00:00,1692.0,0,0.9029850746268657,1,0,0,0,0.0
2025-11-06 13:00:00,1716.0,0,0.9036069651741293,1,0,0,0,0.0
2025-11-06 14:00:00,1704.0,0,0.904228855721393,1,0,0,0,0.0
2025-11-06 15:00:00,1733.0,0,0.9048507462686567,1,0,0,0,0.0
2025-11-06 16:00:00,1727.0,0,0.9054726368159204,1,0,0,0,0.0
2025-11-06 17:00:00,1727.0,0,0.9060945273631841,1,0,0,0,0.0
2025-11-06 18:00:00,1692.0,0,0.9067164179104478,1,0,0,0,0.0
2025-11-06 19:00:00,1727.0,0,0.9073383084577115,1,0,0,0,0.0
2025-11-06 20:00:00,1757.0,0,0.9079601990049752,1,0,0,0,0.0
2025-11-06 21:00:00,1757.0,0,0.9085820895522388,1,0,0,0,0.0
2025-11-06 22:00:00,1768.0,0,0.9092039800995025,1,0,0,0,0.0
2025-11-06 23:00:00,1698.0,0,0.9098258706467661,1,0,0,0,0.0
2025-11-07 00:00:00,1585.0,0,0.9104477611940298,1,0,0,0,0.0
2025-11-07 01:00:00,1617.0,0,0.9110696517412935,1,0,0,0,0.0
2025-11-07 02:00:00,1605.0,0,0.9116915422885572,1,0,0,0,0.0
2025-11-07 03:00:00,1669.0,0,0.9123134328358209,1,0,0,0,0.0
2025-11-07 04:00:00,1646.0,0,0.9129353233830846,1,0,0,0,0.0
2025-11-07 05:00:00,1652.0,0,0.9135572139303483,1,0,0,0,0.0
2025-11-07 06:00:00,1652.0,0,0.914179104477612,1,0,0,0,0.0
2025-11-07 07:00:00,1587.0,0,0.9148009950248757,1,0,0,0,0.0
2025-11-07 08:00:00,1552.0,0,0.9154228855721394,1,0,0,0,0.0
2025-11-07 09:00:00,1552.0,0,0.9160447761194029,1,0,0,0,0.0
2025-11-07 10:00:00,1587.0,0,0.9166666666666666,1,0,0,0,0.0
2025-11-07 11:00:00,1611.0,0,0.9172885572139303,1,0,0,0,0.0
2025-11-07 12:00:00,1611.0,0,0.917910447761194,1,0,0,0,0.0
2025-11-07 13:00:00,1657.0,0,0.9185323383084577,1,0,0,0,0.0
2025-11-07 14:00:00,1664.0,0,0.9191542288557214,1,0,0,0,0.0
2025-11-07 15:00:00,1704.0,0,0.9197761194029851,1,0,0,0,0.0
2025-11-07 16:00:00,1710.0,0,0.9203980099502488,1,0,0,0,0.0
2025-11-07 17:00:00,1716.0,0,0.9210199004975125,1,0,0,0,0.0
2025-11-07 18:00:00,1681.0,0,0.9216417910447762,1,0,0,0,0.0
2025-11-07 19:00:00,1692.0,0,0.9222636815920398,1,0,0,0,0.0
2025-11-07 20:00:00,1716.0,0,0.9228855721393034,1,0,0,0,0.0
2025-11-07 21:00:00,1727.0,0,0.9235074626865671,1,0,0,0,0.0
2025-11-07 22:00:00,1727.0,0,0.9241293532338308,1,0,0,0,0.0
2025-11-07 23:00:00,1692.0,0,0.9247512437810945,1,0,0,0,0.0
2025-11-08 00:00:00,1652.0,1,0.9253731343283582,1,0,0,0,0.0
2025-11-08 01:00:00,1628.0,1,0.9259950248756219,1,0,0,0,0.0
2025-11-08 02:00:00,1663.0,1,0.9266169154228856,1,0,0,0,0.0
2025-11-08 03:00:00,1611.0,1,0.9272388059701493,1,0,0,0,0.0
2025-11-08 04:00:00,1657.0,1,0.927860696517413,1,0,0,0,0.0
2025-11-08 05:00:00,1675.0,1,0.9284825870646766,1,0,0,0,0.0
2025-11-08 06:00:00,1646.0,1,0.9291044776119403,1,0,0,0,0.0
2025-11-08 07:00:00,1646.0,1,0.929726368159204,1,0,0,0,0.0
2025-11-08 08:00:00,1663.0,1,0.9303482587064676,1,0,0,0,0.0
2025-11-08 09:00:00,1716.0,1,0.9309701492537313,1,0,0,0,0.0
2025-11-08 10:00:00,1722.0,1,0.931592039800995,1,0,0,0,0.0
2025-11-08 11:00:00,1704.0,1,0.9322139303482587,1,0,0,0,0.0
2025-11-08 12:00:00,1710.0,1,0.9328358208955224,1,0,0,0,0.0
2025-11-08 13:00:00,1733.0,1,0.9334577114427861,1,0,0,0,0.0
2025-11-08 14:00:00,1757.0,1,0.9340796019900498,1,0,0,0,0.0
2025-11-08 15:00:00,1757.0,1,0.9347014925373134,1,0,0,0,0.0
2025-11-08 16:00:00,1774.0,1,0.9353233830845771,1,0,0,0,0.0
2025-11-08 17:00:00,1792.0,1,0.9359452736318408,1,0,0,0,0.0
2025-11-08 18:00:00,1710.0,1,0.9365671641791045,1,0,0,0,0.0
2025-11-08 19:00:00,1727.0,1,0.9371890547263682,1,0,0,0,0.0
2025-11-08 20:00:00,1768.0,1,0.9378109452736318,1,0,0,0,0.0
2025-11-08 21:00:00,1786.0,1,0.9384328358208955,1,0,0,0,0.0
2025-11-08 22:00:00,1774.0,1,0.9390547263681592,1,0,0,0,0.0
2025-11-08 23:00:00,1733.0,1,0.9396766169154229,1,0,0,0,0.0
2025-11-09 00:00:00,1646.0,1,0.9402985074626866,1,0,0,0,0.0
2025-11-09 01:00:00,1657.0,1,0.9409203980099502,1,0,0,0,0.0
2025-11-09 02:00:00,1681.0,1,0.9415422885572139,1,0,0,0,0.0
2025-11-09 03:00:00,1675.0,1,0.9421641791044776,1,0,0,0,0.0
2025-11-09 04:00:00,1681.0,1,0.9427860696517413,1,0,0,0,0.0
2025-11-09 05:00:00,1722.0,1,0.943407960199005,1,0,0,0,0.0
2025-11-09 06:00:00,1687.0,1,0.9440298507462687,1,0,0,0,0.0
2025-11-09 07:00:00,1669.0,1,0.9446517412935324,1,0,0,0,0.0
2025-11-09 08:00:00,1681.0,1,0.945273631840796,1,0,0,0,0.0
2025-11-09 09:00:00,1710.0,1,0.9458955223880597,1,0,0,0,0.0
2025-11-09 10:00:00,1733.0,1,0.9465174129353234,1,0,0,0,0.0
2025-11-09 11:00:00,1757.0,1,0.947139303482587,1,0,0,0,0.0
2025-11-09 12:00:00,1733.0,1,0.9477611940298507,1,0,0,0,0.0
2025-11-09 13:00:00,1757.0,1,0.9483830845771144,1,0,0,0,0.0
2025-11-09 14:00:00,1733.0,1,0.9490049751243781,1,0,0,0,0.0
2025-11-09 15:00:00,1774.0,1,0.9496268656716418,1,0,0,0,0.0
2025-11-09 16:00:00,1780.0,1,0.9502487562189055,1,0,0,0,0.0
2025-11-09 17:00:00,1745.0,1,0.9508706467661692,1,0,0,0,0.0
2025-11-09 18:00:00,1617.0,1,0.9514925373134329,1,0,0,0,0.0
2025-11-09 19:00:00,1675.0,1,0.9521144278606966,1,0,0,0,0.0
2025-11-09 20:00:00,1710.0,1,0.9527363184079602,1,0,0,0,0.0
2025-11-09 21:00:00,1745.0,1,0.9533582089552238,1,0,0,0,0.0
2025-11-09 22:00:00,1722.0,1,0.9539800995024875,1,0,0,0,0.0
2025-11-09 23:00:00,1698.0,1,0.9546019900497512,1,0,0,0,0.0
2025-11-10 00:00:00,1570.0,0,0.9552238805970149,1,0,0,0,0.0
2025-11-10 01:00:00,1640.0,0,0.9558457711442786,1,0,0,0,0.0
2025-11-10 02:00:00,1669.0,0,0.9564676616915423,1,0,0,0,0.0
2025-11-10 03:00:00,1687.0,0,0.957089552238806,1,0,0,0,0.0
2025-11-10 04:00:00,1669.0,0,0.9577114427860697,1,0,0,0,0.0
2025-11-10 05:00:00,1692.0,0,0.9583333333333334,1,0,0,0,0.0
2025-11-10 06:00:00,1675.0,0,0.9589552238805971,1,0,0,0,0.0
2025-11-10 07:00:00,1634.0,0,0.9595771144278606,1,0,0,0,0.0
2025-11-10 08:00:00,1564.0,0,0.9601990049751243,1,0,0,0,0.0
2025-11-10 09:00:00,1558.0,0,0.960820895522388,1,0,0,0,0.0
2025-11-10 10:00:00,1587.0,0,0.9614427860696517,1,0,0,0,0.0
2025-11-10 11:00:00,1599.0,0,0.9620646766169154,1,0,0,0,0.0
2025-11-10 12:00:00,1669.0,0,0.9626865671641791,1,0,0,0,0.0
2025-11-10 13:00:00,1698.0,0,0.9633084577114428,1,0,0,0,0.0
2025-11-10 14:00:00,1722.0,0,0.9639303482587065,1,0,0,0,0.0
2025-11-10 15:00:00,1716.0,0,0.9645522388059702,1,0,0,0,0.0
2025-11-10 16:00:00,1722.0,0,0.9651741293532339,1,0,0,0,0.0
2025-11-10 17:00:00,1751.0,0,0.9657960199004975,1,0,0,0,0.0
2025-11-10 18:00:00,1698.0,0,0.9664179104477612,1,0,0,0,0.0
2025-11-10 19:00:00,1722.0,0,0.9670398009950248,1,0,0,0,0.0
2025-11-10 20:00:00,1751.0,0,0.9676616915422885,1,0,0,0,0.0
2025-11-10 21:00:00,1762.0,0,0.9682835820895522,1,0,0,0,0.0
2025-11-10 22:00:00,1786.0,0,0.9689054726368159,1,0,0,0,0.0
2025-11-10 23:00:00,1751.0,0,0.9695273631840796,1,0,0,0,0.0
2025-11-11 00:00:00,1698.0,0,0.9701492537313433,1,0,0,0,0.0
2025-11-11 01:00:00,1646.0,0,0.970771144278607,1,0,0,0,0.0
2025-11-11 02:00:00,1698.0,0,0.9713930348258707,1,0,0,0,0.0
2025-11-11 03:00:00,1698.0,0,0.9720149253731343,1,0,0,0,0.0
2025-11-11 04:00:00,1710.0,0,0.972636815920398,1,0,0,0,0.0
2025-11-11 05:00:00,1739.0,0,0.9732587064676617,1,0,0,0,0.0
2025-11-11 06:00:00,1704.0,0,0.9738805970149254,1,0,0,0,0.0
2025-11-11 07:00:00,1605.0,0,0.974502487562189,1,0,0,0,0.0
2025-11-11 08:00:00,1652.0,0,0.9751243781094527,1,0,0,0,0.0
2025-11-11 09:00:00,1663.0,0,0.9757462686567164,1,0,0,0,0.0
2025-11-11 10:00:00,1622.0,0,0.9763681592039801,1,0,0,0,0.0
2025-11-11 11:00:00,1681.0,0,0.9769900497512438,1,0,0,0,0.0
2025-11-11 12:00:00,1716.0,0,0.9776119402985075,1,0,0,0,0.0
2025-11-11 13:00:00,1748.0,0,0.9782338308457711,1,0,0,0,0.0
2025-11-11 14:00:00,1745.0,0,0.9788557213930348,1,0,0,0,0.0
2025-11-11 15:00:00,1741.0,0,0.9794776119402985,1,0,0,0,0.0
2025-11-11 16:00:00,1738.0,0,0.9800995024875622,1,0,0,0,0.0
2025-11-11 17:00:00,1734.0,0,0.9807213930348259,1,0,0,0,0.0
2025-11-11 18:00:00,1731.0,0,0.9813432835820896,1,0,0,0,0.0
2025-11-11 19:00:00,1728.0,0,0.9819651741293532,1,0,0,0,0.0
2025-11-11 20:00:00,1724.0,0,0.9825870646766169,1,0,0,0,0.0
2025-11-11 21:00:00,1721.0,0,0.9832089552238806,1,0,0,0,0.0
2025-11-11 22:00:00,1718.0,0,0.9838308457711443,1,0,0,0,0.0
2025-11-11 23:00:00,1714.0,0,0.9844527363184079,1,0,0,0,0.0
2025-11-12 00:00:00,1711.0,0,0.9850746268656716,1,0,0,0,0.0
2025-11-12 01:00:00,1707.0,0,0.9856965174129353,1,0,0,0,0.0
2025-11-12 02:00:00,1704.0,0,0.986318407960199,1,0,0,0,0.0
2025-11-12 03:00:00,1701.0,0,0.9869402985074627,1,0,0,0,0.0
2025-11-12 04:00:00,1697.0,0,0.9875621890547264,1,0,0,0,0.0
2025-11-12 05:00:00,1694.0,0,0.9881840796019901,1,0,0,0,0.0
2025-11-12 06:00:00,1690.0,0,0.9888059701492538,1,0,0,0,0.0
2025-11-12 07:00:00,1687.0,0,0.9894278606965174,1,0,0,0,0.0
2025-11-12 08:00:00,1687.0,0,0.9900497512437811,1,0,0,0,0.0
2025-11-12 09:00:00,1704.0,0,0.9906716417910447,1,0,0,0,0.0
2025-11-12 10:00:00,1710.0,0,0.9912935323383084,1,0,0,0,0.0
2025-11-12 11:00:00,1733.0,0,0.9919154228855721,1,0,0,0,0.0
2025-11-12 12:00:00,1757.0,0,0.9925373134328358,1,0,0,0,0.0
2025-11-12 13:00:00,1768.0,0,0.9931592039800995,1,0,0,0,0.0
2025-11-12 14:00:00,1786.0,0,0.9937810945273632,1,0,0,0,0.0
2025-11-12 15:00:00,1815.0,0,0.9944029850746269,1,0,0,0,0.0
2025-11-12 16:00:00,1821.0,0,0.9950248756218906,1,0,0,0,0.0
2025-11-12 17:00:00,1778.0,0,0.9956467661691543,1,0,0,0,0.0
2025-11-12 18:00:00,1815.0,0,0.996268656716418,1,0,0,0,0.0
2025-11-12 19:00:00,1835.0,0,0.9968905472636815,1,0,0,0,0.0
2025-11-12 20:00:00,1862.0,0,0.9975124378109452,1,0,0,0,0.0
2025-11-12 21:00:00,1873.0,0,0.9981343283582089,1,0,0,0,0.0
2025-11-12 22:00:00,1885.0,0,0.9987562189054726,1,0,0,0,0.0
2025-11-12 23:00:00,1873.0,0,0.9993781094527363,1,0,0,0,0.0
2025-11-13 00:00:00,1780.0,0,0.0,2,0,0,0,0.0
2025-11-13 01:00:00,1650.0,0,0.0005952380952380953,2,0,0,0,0.0
2025-11-13 02:00:00,1519.0,0,0.0011904761904761906,2,0,0,0,0.0
2025-11-13 03:00:00,1519.0,0,0.0017857142857142857,2,0,0,0,0.0
2025-11-13 04:00:00,1492.0,0,0.002380952380952381,2,0,0,0,0.0
2025-11-13 05:00:00,1564.0,0,0.002976190476190476,2,0,0,0,0.0
2025-11-13 06:00:00,1576.0,0,0.0035714285714285713,2,0,0,0,0.0
2025-11-13 07:00:00,1512.0,0,0.004166666666666667,2,0,0,0,0.0
2025-11-13 08:00:00,1436.0,0,0.004761904761904762,2,0,0,0,0.0
2025-11-13 09:00:00,1424.0,0,0.005357142857142857,2,0,0,0,0.0
2025-11-13 10:00:00,1459.0,0,0.005952380952380952,2,0,0,0,0.0
2025-11-13 11:00:00,1512.0,0,0.006547619047619048,2,0,0,0,0.0
2025-11-13 12:00:00,1512.0,0,0.007142857142857143,2,0,0,0,0.0
2025-11-13 13:00:00,1512.0,0,0.007738095238095238,2,0,0,0,0.0
2025-11-13 14:00:00,1523.0,0,0.008333333333333333,2,0,0,0,0.0
2025-11-13 15:00:00,1640.0,0,0.008928571428571428,2,0,0,0,0.0
2025-11-13 16:00:00,1652.0,0,0.009523809523809525,2,0,0,0,0.0
2025-11-13 17:00:00,1652.0,0,0.01011904761904762,2,0,0,0,0.0
2025-11-13 18:00:00,1652.0,0,0.010714285714285714,2,0,0,0,0.0
2025-11-13 19:00:00,1652.0,0,0.01130952380952381,2,0,0,0,0.0
2025-11-13 20:00:00,1652.0,0,0.011904761904761904,2,0,0,0,0.0
2025-11-13 21:00:00,1657.0,0,0.0125,2,0,0,0,0.0
2025-11-13 22:00:00,1716.0,0,0.013095238095238096,2,0,0,0,0.0
2025-11-13 23:00:00,1716.0,0,0.01369047619047619,2,0,0,0,0.0
2025-11-14 00:00:00,1587.0,0,0.014285714285714285,2,0,0,0,0.0
2025-11-14 01:00:00,1494.0,0,0.01488095238095238,2,0,0,0,0.0
2025-11-14 02:00:00,1465.0,0,0.015476190476190477,2,0,0,0,0.0
2025-11-14 03:00:00,1401.0,0,0.01607142857142857,2,0,0,0,0.0
2025-11-14 04:00:00,1372.0,0,0.016666666666666666,2,0,0,0,0.0
2025-11-14 05:00:00,1331.0,0,0.017261904761904763,2,0,0,0,0.0
2025-11-14 06:00:00,1331.0,0,0.017857142857142856,2,0,0,0,0.0
2025-11-14 07:00:00,1348.0,0,0.018452380952380953,2,0,0,0,0.0
2025-11-14 08:00:00,1389.0,0,0.01904761904761905,2,0,0,0,0.0
2025-11-14 09:00:00,1407.0,0,0.019642857142857142,2,0,0,0,0.0
2025-11-14 10:00:00,1407.0,0,0.02023809523809524,2,0,0,0,0.0
2025-11-14 11:00:00,1407.0,0,0.020833333333333332,2,0,0,0,0.0
2025-11-14 12:00:00,1447.0,0,0.02142857142857143,2,0,0,0,0.0
2025-11-14 13:00:00,1541.0,0,0.022023809523809525,2,0,0,0,0.0
2025-11-14 14:00:00,1564.0,0,0.02261904761904762,2,0,0,0,0.0
2025-11-14 15:00:00,1593.0,0,0.023214285714285715,2,0,0,0,0.0
2025-11-14 16:00:00,1617.0,0,0.023809523809523808,2,0,0,0,0.0
2025-11-14 17:00:00,1617.0,0,0.024404761904761905,2,0,0,0,0.0
2025-11-14 18:00:00,1617.0,0,0.025,2,0,0,0,0.0
2025-11-14 19:00:00,1628.0,0,0.025595238095238095,2,0,0,0,0.0
2025-11-14 20:00:00,1710.0,0,0.02619047619047619,2,0,0,0,0.0
2025-11-14 21:00:00,1739.0,0,0.026785714285714284,2,0,0,0,0.0
2025-11-14 22:00:00,1780.0,0,0.02738095238095238,2,0,0,0,0.0
2025-11-14 23:00:00,1827.0,0,0.027976190476190477,2,0,0,0,0.0
2025-11-15 00:00:00,1745.0,1,0.02857142857142857,2,0,0,0,0.0
2025-11-15 01:00:00,1652.0,1,0.029166666666666667,2,0,0,0,0.0
2025-11-15 02:00:00,1617.0,1,0.02976190476190476,2,0,0,0,0.0
2025-11-15 03:00:00,1605.0,1,0.030357142857142857,2,0,0,0,0.0
2025-11-15 04:00:00,1523.0,1,0.030952380952380953,2,0,0,0,0.0
2025-11-15 05:00:00,1506.0,1,0.03154761904761905,2,0,0,0,0.0
2025-11-15 06:00:00,1500.0,1,0.03214285714285714,2,0,0,0,0.0
2025-11-15 07:00:00,1523.0,1,0.03273809523809524,2,0,0,0,0.0
2025-11-15 08:00:00,1599.0,1,0.03333333333333333,2,0,0,0,0.0
2025-11-15 09:00:00,1675.0,1,0.033928571428571426,2,0,0,0,0.0
2025-11-15 10:00:00,1727.0,1,0.034523809523809526,2,0,0,0,0.0
2025-11-15 11:00:00,1757.0,1,0.03511904761904762,2,0,0,0,0.0
2025-11-15 12:00:00,1757.0,1,0.03571428571428571,2,0,0,0,0.0
2025-11-15 13:00:00,1757.0,1,0.03630952380952381,2,0,0,0,0.0
2025-11-15 14:00:00,1757.0,1,0.036904761904761905,2,0,0,0,0.0
2025-11-15 15:00:00,1792.0,1,0.0375,2,0,0,0,0.0
2025-11-15 16:00:00,1821.0,1,0.0380952380952381,2,0,0,0,0.0
2025-11-15 17:00:00,1827.0,1,0.03869047619047619,2,0,0,0,0.0
2025-11-15 18:00:00,1792.0,1,0.039285714285714285,2,0,0,0,0.0
2025-11-15 19:00:00,1792.0,1,0.03988095238095238,2,0,0,0,0.0
2025-11-15 20:00:00,1792.0,1,0.04047619047619048,2,0,0,0,0.0
2025-11-15 21:00:00,1792.0,1,0.04107142857142857,2,0,0,0,0.0
2025-11-15 22:00:00,1827.0,1,0.041666666666666664,2,0,0,0,0.0
2025-11-15 23:00:00,1809.0,1,0.042261904761904764,2,0,0,0,0.0
2025-11-16 00:00:00,1675.0,1,0.04285714285714286,2,0,0,0,0.0
2025-11-16 01:00:00,1617.0,1,0.04345238095238095,2,0,0,0,0.0
2025-11-16 02:00:00,1599.0,1,0.04404761904761905,2,0,0,0,0.0
2025-11-16 03:00:00,1523.0,1,0.044642857142857144,2,0,0,0,0.0
2025-11-16 04:00:00,1494.0,1,0.04523809523809524,2,0,0,0,0.0
2025-11-16 05:00:00,1442.0,1,0.04583333333333333,2,0,0,0,0.0
2025-11-16 06:00:00,1453.0,1,0.04642857142857143,2,0,0,0,0.0
2025-11-16 07:00:00,1488.0,1,0.04702380952380952,2,0,0,0,0.0
2025-11-16 08:00:00,1512.0,1,0.047619047619047616,2,0,0,0,0.0
2025-11-16 09:00:00,1593.0,1,0.048214285714285716,2,0,0,0,0.0
2025-11-16 10:00:00,1622.0,1,0.04880952380952381,2,0,0,0,0.0
2025-11-16 11:00:00,1675.0,1,0.0494047619047619,2,0,0,0,0.0
2025-11-16 12:00:00,1698.0,1,0.05,2,0,0,0,0.0
2025-11-16 13:00:00,1762.0,1,0.050595238095238096,2,0,0,0,0.0
2025-11-16 14:00:00,1809.0,1,0.05119047619047619,2,0,0,0,0.0
2025-11-16 15:00:00,1827.0,1,0.05178571428571429,2,0,0,0,0.0
2025-11-16 16:00:00,1821.0,1,0.05238095238095238,2,0,0,0,0.0
2025-11-16 17:00:00,1757.0,1,0.052976190476190475,2,0,0,0,0.0
2025-11-16 18:00:00,1652.0,1,0.05357142857142857,2,0,0,0,0.0
2025-11-16 19:00:00,1617.0,1,0.05416666666666667,2,0,0,0,0.0
2025-11-16 20:00:00,1617.0,1,0.05476190476190476,2,0,0,0,0.0
2025-11-16 21:00:00,1617.0,1,0.055357142857142855,2,0,0,0,0.0
2025-11-16 22:00:00,1617.0,1,0.055952380952380955,2,0,0,0,0.0
2025-11-16 23:00:00,1504.0,1,0.05654761904761905,2,0,0,0,0.0
2025-11-17 00:00:00,1506.0,0,0.05714285714285714,2,0,0,0,0.0
2025-11-17 01:00:00,1494.0,0,0.05773809523809524,2,0,0,0,0.0
2025-11-17 02:00:00,1447.0,0,0.058333333333333334,2,0,0,0,0.0
2025-11-17 03:00:00,1412.0,0,0.05892857142857143,2,0,0,0,0.0
2025-11-17 04:00:00,1407.0,0,0.05952380952380952,2,0,0,0,0.0
2025-11-17 05:00:00,1389.0,0,0.06011904761904762,2,0,0,0,0.0
2025-11-17 06:00:00,1389.0,0,0.060714285714285714,2,0,0,0,0.0
2025-11-17 07:00:00,1389.0,0,0.06130952380952381,2,0,0,0,0.0
2025-11-17 08:00:00,1401.0,0,0.06190476190476191,2,0,0,0,0.0
2025-11-17 09:00:00,1407.0,0,0.0625,2,0,0,0,0.0
2025-11-17 10:00:00,1407.0,0,0.0630952380952381,2,0,0,0,0.0
2025-11-17 11:00:00,1407.0,0,0.06369047619047619,2,0,0,0,0.0
2025-11-17 12:00:00,1407.0,0,0.06428571428571428,2,0,0,0,0.0
2025-11-17 13:00:00,1407.0,0,0.06488095238095239,2,0,0,0,0.0
2025-11-17 14:00:00,1407.0,0,0.06547619047619048,2,0,0,0,0.0
2025-11-17 15:00:00,1407.0,0,0.06607142857142857,2,0,0,0,0.0
2025-11-17 16:00:00,1407.0,0,0.06666666666666667,2,0,0,0,0.0
2025-11-17 17:00:00,1407.0,0,0.06726190476190476,2,0,0,0,0.0
2025-11-17 18:00:00,1407.0,0,0.06785714285714285,2,0,0,0,0.0
2025-11-17 19:00:00,1407.0,0,0.06845238095238096,2,0,0,0,0.0
2025-11-17 20:00:00,1407.0,0,0.06904761904761905,2,0,0,0,0.0
2025-11-17 21:00:00,1412.0,0,0.06964285714285715,2,0,0,0,0.0
2025-11-17 22:00:00,1498.0,0,0.07023809523809524,2,0,0,0,0.0
2025-11-17 23:00:00,1512.0,0,0.07083333333333333,2,0,0,0,0.0
2025-11-18 00:00:00,1471.0,0,0.07142857142857142,2,0,0,0,0.0
2025-11-18 01:00:00,1430.0,0,0.07202380952380952,2,0,0,0,0.0
2025-11-18 02:00:00,1395.0,0,0.07261904761904762,2,0,0,0,0.0
2025-11-18 03:00:00,1389.0,0,0.07321428571428572,2,0,0,0,0.0
2025-11-18 04:00:00,1383.0,0,0.07380952380952381,2,0,0,0,0.0
2025-11-18 05:00:00,1377.0,0,0.0744047619047619,2,0,0,0,0.0
2025-11-18 06:00:00,1366.0,0,0.075,2,0,0,0,0.0
2025-11-18 07:00:00,1366.0,0,0.07559523809523809,2,0,0,0,0.0
2025-11-18 08:00:00,1395.0,0,0.0761904761904762,2,0,0,0,0.0
2025-11-18 09:00:00,1407.0,0,0.07678571428571429,2,0,0,0,0.0
2025-11-18 10:00:00,1407.0,0,0.07738095238095238,2,0,0,0,0.0
2025-11-18 11:00:00,1407.0,0,0.07797619047619048,2,0,0,0,0.0
2025-11-18 12:00:00,1407.0,0,0.07857142857142857,2,0,0,0,0.0
2025-11-18 13:00:00,1453.0,0,0.07916666666666666,2,0,0,0,0.0
2025-11-18 14:00:00,1477.0,0,0.07976190476190476,2,0,0,0,0.0
2025-11-18 15:00:00,1500.0,0,0.08035714285714286,2,0,0,0,0.0
2025-11-18 16:00:00,1512.0,0,0.08095238095238096,2,0,0,0,0.0
2025-11-18 17:00:00,1512.0,0,0.08154761904761905,2,0,0,0,0.0
2025-11-18 18:00:00,1512.0,0,0.08214285714285714,2,0,0,0,0.0
2025-11-18 19:00:00,1512.0,0,0.08273809523809524,2,0,0,0,0.0
2025-11-18 20:00:00,1512.0,0,0.08333333333333333,2,0,0,0,0.0
2025-11-18 21:00:00,1611.0,0,0.08392857142857142,2,0,0,0,0.0
2025-11-18 22:00:00,1722.0,0,0.08452380952380953,2,0,0,0,0.0
2025-11-18 23:00:00,1698.0,0,0.08511904761904762,2,0,0,0,0.0
2025-11-19 00:00:00,1611.0,0,0.08571428571428572,2,0,0,0,0.0
2025-11-19 01:00:00,1547.0,0,0.08630952380952381,2,0,0,0,0.0
2025-11-19 02:00:00,1547.0,0,0.0869047619047619,2,0,0,0,0.0
2025-11-19 03:00:00,1500.0,0,0.0875,2,0,0,0,0.0
2025-11-19 04:00:00,1494.0,0,0.0880952380952381,2,0,0,0,0.0
2025-11-19 05:00:00,1471.0,0,0.0886904761904762,2,0,0,0,0.0
2025-11-19 06:00:00,1436.0,0,0.08928571428571429,2,0,0,0,0.0
2025-11-19 07:00:00,1436.0,0,0.08988095238095238,2,0,0,0,0.0
2025-11-19 08:00:00,1430.0,0,0.09047619047619047,2,0,0,0,0.0
2025-11-19 09:00:00,1442.0,0,0.09107142857142857,2,0,0,0,0.0
2025-11-19 10:00:00,1453.0,0,0.09166666666666666,2,0,0,0,0.0
2025-11-19 11:00:00,1512.0,0,0.09226190476190477,2,0,0,0,0.0
2025-11-19 12:00:00,1529.0,0,0.09285714285714286,2,0,0,0,0.0
2025-11-19 13:00:00,1599.0,0,0.09345238095238095,2,0,0,0,0.0
2025-11-19 14:00:00,1640.0,0,0.09404761904761905,2,0,0,0,0.0
2025-11-19 15:00:00,1663.0,0,0.09464285714285714,2,0,0,0,0.0
2025-11-19 16:00:00,1687.0,0,0.09523809523809523,2,0,0,0,0.0
2025-11-19 17:00:00,1687.0,0,0.09583333333333334,2,0,0,0,0.0
2025-11-19 18:00:00,1687.0,0,0.09642857142857143,2,0,0,0,0.0
2025-11-19 19:00:00,1687.0,0,0.09702380952380953,2,0,0,0,0.0
2025-11-19 20:00:00,1716.0,0,0.09761904761904762,2,0,0,0,0.0
2025-11-19 21:00:00,1722.0,0,0.09821428571428571,2,0,0,0,0.0
2025-11-19 22:00:00,1745.0,0,0.0988095238095238,2,0,0,0,0.0
2025-11-19 23:00:00,1757.0,0,0.0994047619047619,2,0,0,0,0.0
2025-11-20 00:00:00,1681.0,0,0.1,2,0,0,0,0.0
2025-11-20 01:00:00,1646.0,0,0.1005952380952381,2,0,0,0,0.0
2025-11-20 02:00:00,1652.0,0,0.10119047619047619,2,0,0,0,0.0
2025-11-20 03:00:00,1652.0,0,0.10178571428571428,2,0,0,0,0.0
2025-11-20 04:00:00,1646.0,0,0.10238095238095238,2,0,0,0,0.0
2025-11-20 05:00:00,1617.0,0,0.10297619047619047,2,0,0,0,0.0
2025-11-20 06:00:00,1587.0,0,0.10357142857142858,2,0,0,0,0.0
2025-11-20 07:00:00,1506.0,0,0.10416666666666667,2,0,0,0,0.0
2025-11-20 08:00:00,1512.0,0,0.10476190476190476,2,0,0,0,0.0
2025-11-20 09:00:00,1535.0,0,0.10535714285714286,2,0,0,0,0.0
2025-11-20 10:00:00,1628.0,0,0.10595238095238095,2,0,0,0,0.0
2025-11-20 11:00:00,1652.0,0,0.10654761904761904,2,0,0,0,0.0
2025-11-20 12:00:00,1669.0,0,0.10714285714285714,2,0,0,0,0.0
2025-11-20 13:00:00,1733.0,0,0.10773809523809524,2,0,0,0,0.0
2025-11-20 14:00:00,1757.0,0,0.10833333333333334,2,0,0,0,0.0
2025-11-20 15:00:00,1757.0,0,0.10892857142857143,2,0,0,0,0.0
2025-11-20 16:00:00,1768.0,0,0.10952380952380952,2,0,0,0,0.0
2025-11-20 17:00:00,1792.0,0,0.11011904761904762,2,0,0,0,0.0
2025-11-20 18:00:00,1792.0,0,0.11071428571428571,2,0,0,0,0.0
2025-11-20 19:00:00,1799.0,0,0.1113095238095238,2,0,0,0,0.0
2025-11-20 20:00:00,1832.0,0,0.11190476190476191,2,0,0,0,0.0
2025-11-20 21:00:00,1891.0,0,0.1125,2,0,0,0,0.0
2025-11-20 22:00:00,1932.0,0,0.1130952380952381,2,0,0,0,0.0
2025-11-20 23:00:00,1932.0,0,0.11369047619047619,2,0,0,0,0.0
2025-11-21 00:00:00,1745.0,0,0.11428571428571428,2,0,0,0,0.0
2025-11-21 01:00:00,1687.0,0,0.11488095238095238,2,0,0,0,0.0
2025-11-21 02:00:00,1687.0,0,0.11547619047619048,2,0,0,0,0.0
2025-11-21 03:00:00,1687.0,0,0.11607142857142858,2,0,0,0,0.0
2025-11-21 04:00:00,1681.0,0,0.11666666666666667,2,0,0,0,0.0
2025-11-21 05:00:00,1645.0,0,0.11726190476190476,2,0,0,0,0.0
2025-11-21 06:00:00,1663.0,0,0.11785714285714285,2,0,0,0,0.0
2025-11-21 07:00:00,1622.0,0,0.11845238095238095,2,0,0,0,0.0
2025-11-21 08:00:00,1617.0,0,0.11904761904761904,2,0,0,0,0.0
2025-11-21 09:00:00,1617.0,0,0.11964285714285715,2,0,0,0,0.0
2025-11-21 10:00:00,1617.0,0,0.12023809523809524,2,0,0,0,0.0
2025-11-21 11:00:00,1646.0,0,0.12083333333333333,2,0,0,0,0.0
2025-11-21 12:00:00,1698.0,0,0.12142857142857143,2,0,0,0,0.0
2025-11-21 13:00:00,1751.0,0,0.12202380952380952,2,0,0,0,0.0
2025-11-21 14:00:00,1780.0,0,0.12261904761904761,2,0,0,0,0.0
2025-11-21 15:00:00,1815.0,0,0.12321428571428572,2,0,0,0,0.0
2025-11-21 16:00:00,1827.0,0,0.12380952380952381,2,0,0,0,0.0
2025-11-21 17:00:00,1827.0,0,0.1244047619047619,2,0,0,0,0.0
2025-11-21 18:00:00,1827.0,0,0.125,2,0,0,0,0.0
2025-11-21 19:00:00,1832.0,0,0.1255952380952381,2,0,0,0,0.0
2025-11-21 20:00:00,1862.0,0,0.1261904761904762,2,0,0,0,0.0
2025-11-21 21:00:00,1897.0,0,0.12678571428571428,2,0,0,0,0.0
2025-11-21 22:00:00,1897.0,0,0.12738095238095237,2,0,0,0,0.0
2025-11-21 23:00:00,1897.0,0,0.12797619047619047,2,0,0,0,0.0
2025-11-22 00:00:00,1780.0,1,0.12857142857142856,2,0,0,0,0.0
2025-11-22 01:00:00,1598.0,1,0.12916666666666668,2,0,0,0,0.0
2025-11-22 02:00:00,1722.0,1,0.12976190476190477,2,0,0,0,0.0
2025-11-22 03:00:00,1722.0,1,0.13035714285714287,2,0,0,0,0.0
2025-11-22 04:00:00,1722.0,1,0.13095238095238096,2,0,0,0,0.0
2025-11-22 05:00:00,1710.0,1,0.13154761904761905,2,0,0,0,0.0
2025-11-22 06:00:00,1681.0,1,0.13214285714285715,2,0,0,0,0.0
2025-11-22 07:00:00,1698.0,1,0.13273809523809524,2,0,0,0,0.0
2025-11-22 08:00:00,1722.0,1,0.13333333333333333,2,0,0,0,0.0
2025-11-22 09:00:00,1739.0,1,0.13392857142857142,2,0,0,0,0.0
2025-11-22 10:00:00,1792.0,1,0.13452380952380952,2,0,0,0,0.0
2025-11-22 11:00:00,1832.0,1,0.1351190476190476,2,0,0,0,0.0
2025-11-22 12:00:00,1862.0,1,0.1357142857142857,2,0,0,0,0.0
2025-11-22 13:00:00,1891.0,1,0.1363095238095238,2,0,0,0,0.0
2025-11-22 14:00:00,1897.0,1,0.13690476190476192,2,0,0,0,0.0
2025-11-22 15:00:00,1914.0,1,0.1375,2,0,0,0,0.0
2025-11-22 16:00:00,1932.0,1,0.1380952380952381,2,0,0,0,0.0
2025-11-22 17:00:00,1932.0,1,0.1386904761904762,2,0,0,0,0.0
2025-11-22 18:00:00,1932.0,1,0.1392857142857143,2,0,0,0,0.0
2025-11-22 19:00:00,1932.0,1,0.13988095238095238,2,0,0,0,0.0
2025-11-22 20:00:00,1932.0,1,0.14047619047619048,2,0,0,0,0.0
2025-11-22 21:00:00,1932.0,1,0.14107142857142857,2,0,0,0,0.0
2025-11-22 22:00:00,1932.0,1,0.14166666666666666,2,0,0,0,0.0
2025-11-22 23:00:00,1932.0,1,0.14226190476190476,2,0,0,0,0.0
2025-11-23 00:00:00,1792.0,1,0.14285714285714285,2,0,0,0,0.0
2025-11-23 01:00:00,1710.0,1,0.14345238095238094,2,0,0,0,0.0
2025-11-23 02:00:00,1675.0,1,0.14404761904761904,2,0,0,0,0.0
2025-11-23 03:00:00,1722.0,1,0.14464285714285716,2,0,0,0,0.0
2025-11-23 04:00:00,1716.0,1,0.14523809523809525,2,0,0,0,0.0
2025-11-23 05:00:00,1722.0,1,0.14583333333333334,2,0,0,0,0.0
2025-11-23 06:00:00,1698.0,1,0.14642857142857144,2,0,0,0,0.0
2025-11-23 07:00:00,1698.0,1,0.14702380952380953,2,0,0,0,0.0
2025-11-23 08:00:00,1722.0,1,0.14761904761904762,2,0,0,0,0.0
2025-11-23 09:00:00,1745.0,1,0.14821428571428572,2,0,0,0,0.0
2025-11-23 10:00:00,1792.0,1,0.1488095238095238,2,0,0,0,0.0
2025-11-23 11:00:00,1827.0,1,0.1494047619047619,2,0,0,0,0.0
2025-11-23 12:00:00,1827.0,1,0.15,2,0,0,0,0.0
2025-11-23 13:00:00,1850.0,1,0.1505952380952381,2,0,0,0,0.0
2025-11-23 14:00:00,1862.0,1,0.15119047619047618,2,0,0,0,0.0
2025-11-23 15:00:00,1926.0,1,0.15178571428571427,2,0,0,0,0.0
2025-11-23 16:00:00,1932.0,1,0.1523809523809524,2,0,0,0,0.0
2025-11-23 17:00:00,1932.0,1,0.1529761904761905,2,0,0,0,0.0
2025-11-23 18:00:00,1897.0,1,0.15357142857142858,2,0,0,0,0.0
2025-11-23 19:00:00,1897.0,1,0.15416666666666667,2,0,0,0,0.0
2025-11-23 20:00:00,1897.0,1,0.15476190476190477,2,0,0,0,0.0
2025-11-23 21:00:00,1897.0,1,0.15535714285714286,2,0,0,0,0.0
2025-11-23 22:00:00,1897.0,1,0.15595238095238095,2,0,0,0,0.0
2025-11-23 23:00:00,1873.0,1,0.15654761904761905,2,0,0,0,0.0
2025-11-24 00:00:00,1745.0,0,0.15714285714285714,2,0,0,0,0.0
2025-11-24 01:00:00,1698.0,0,0.15773809523809523,2,0,0,0,0.0
2025-11-24 02:00:00,1687.0,0,0.15833333333333333,2,0,0,0,0.0
2025-11-24 03:00:00,1698.0,0,0.15892857142857142,2,0,0,0,0.0
2025-11-24 04:00:00,1692.0,0,0.1595238095238095,2,0,0,0,0.0
2025-11-24 05:00:00,1622.0,0,0.1601190476190476,2,0,0,0,0.0
2025-11-24 06:00:00,1582.0,0,0.16071428571428573,2,0,0,0,0.0
2025-11-24 07:00:00,1541.0,0,0.16130952380952382,2,0,0,0,0.0
2025-11-24 08:00:00,1564.0,0,0.1619047619047619,2,0,0,0,0.0
2025-11-24 09:00:00,1570.0,0,0.1625,2,0,0,0,0.0
2025-11-24 10:00:00,1582.0,0,0.1630952380952381,2,0,0,0,0.0
2025-11-24 11:00:00,1582.0,0,0.1636904761904762,2,0,0,0,0.0
2025-11-24 12:00:00,1582.0,0,0.16428571428571428,2,0,0,0,0.0
2025-11-24 13:00:00,1640.0,0,0.16488095238095238,2,0,0,0,0.0
2025-11-24 14:00:00,1652.0,0,0.16547619047619047,2,0,0,0,0.0
2025-11-24 15:00:00,1687.0,0,0.16607142857142856,2,0,0,0,0.0
2025-11-24 16:00:00,1704.0,0,0.16666666666666666,2,0,0,0,0.0
2025-11-24 17:00:00,1722.0,0,0.16726190476190475,2,0,0,0,0.0
2025-11-24 18:00:00,1698.0,0,0.16785714285714284,2,0,0,0,0.0
2025-11-24 19:00:00,1687.0,0,0.16845238095238096,2,0,0,0,0.0
2025-11-24 20:00:00,1698.0,0,0.16904761904761906,2,0,0,0,0.0
2025-11-24 21:00:00,1722.0,0,0.16964285714285715,2,0,0,0,0.0
2025-11-24 22:00:00,1757.0,0,0.17023809523809524,2,0,0,0,0.0
2025-11-24 23:00:00,1757.0,0,0.17083333333333334,2,0,0,0,0.0
2025-11-25 00:00:00,1652.0,0,0.17142857142857143,2,0,0,0,0.0
2025-11-25 01:00:00,1617.0,0,0.17202380952380952,2,0,0,0,0.0
2025-11-25 02:00:00,1617.0,0,0.17261904761904762,2,0,0,0,0.0
2025-11-25 03:00:00,1617.0,0,0.1732142857142857,2,0,0,0,0.0
2025-11-25 04:00:00,1617.0,0,0.1738095238095238,2,0,0,0,0.0
2025-11-25 05:00:00,1599.0,0,0.1744047619047619,2,0,0,0,0.0
2025-11-25 06:00:00,1611.0,0,0.175,2,0,0,0,0.0
2025-11-25 07:00:00,1576.0,0,0.17559523809523808,2,0,0,0,0.0
2025-11-25 08:00:00,1552.0,0,0.1761904761904762,2,0,0,0,0.0
2025-11-25 09:00:00,1582.0,0,0.1767857142857143,2,0,0,0,0.0
2025-11-25 10:00:00,1605.0,0,0.1773809523809524,2,0,0,0,0.0
2025-11-25 11:00:00,1617.0,0,0.17797619047619048,2,0,0,0,0.0
2025-11-25 12:00:00,1640.0,0,0.17857142857142858,2,0,0,0,0.0
2025-11-25 13:00:00,1681.0,0,0.17916666666666667,2,0,0,0,0.0
2025-11-25 14:00:00,1698.0,0,0.17976190476190476,2,0,0,0,0.0
2025-11-25 15:00:00,1722.0,0,0.18035714285714285,2,0,0,0,0.0
2025-11-25 16:00:00,1722.0,0,0.18095238095238095,2,0,0,0,0.0
2025-11-25 17:00:00,1757.0,0,0.18154761904761904,2,0,0,0,0.0
2025-11-25 18:00:00,1757.0,0,0.18214285714285713,2,0,0,0,0.0
2025-11-25 19:00:00,1757.0,0,0.18273809523809523,2,0,0,0,0.0
2025-11-25 20:00:00,1757.0,0,0.18333333333333332,2,0,0,0,0.0
2025-11-25 21:00:00,1768.0,0,0.18392857142857144,2,0,0,0,0.0
2025-11-25 22:00:00,1838.0,0,0.18452380952380953,2,0,0,0,0.0
2025-11-25 23:00:00,1862.0,0,0.18511904761904763,2,0,0,0,0.0
2025-11-26 00:00:00,1745.0,0,0.18571428571428572,2,0,0,0,0.0
2025-11-26 01:00:00,1687.0,0,0.1863095238095238,2,0,0,0,0.0
2025-11-26 02:00:00,1672.0,0,0.1869047619047619,2,0,0,0,0.0
2025-11-26 03:00:00,1657.0,0,0.1875,2,0,0,0,0.0
2025-11-26 04:00:00,1642.0,0,0.1880952380952381,2,0,0,0,0.0
2025-11-26 05:00:00,1626.0,0,0.1886904761904762,2,0,0,0,0.0
2025-11-26 06:00:00,1611.0,0,0.18928571428571428,2,0,0,0,0.0
2025-11-26 07:00:00,1596.0,0,0.18988095238095237,2,0,0,0,0.0
2025-11-26 08:00:00,1596.0,0,0.19047619047619047,2,0,0,0,0.0
2025-11-26 09:00:00,1617.0,0,0.19107142857142856,2,0,0,0,0.0
2025-11-26 10:00:00,1617.0,0,0.19166666666666668,2,0,0,0,0.0
2025-11-26 11:00:00,1617.0,0,0.19226190476190477,2,0,0,0,0.0
2025-11-26 12:00:00,1687.0,0,0.19285714285714287,2,0,0,0,0.0
2025-11-26 13:00:00,1722.0,0,0.19345238095238096,2,0,0,0,0.0
2025-11-26 14:00:00,1722.0,0,0.19404761904761905,2,0,0,0,0.0
2025-11-26 15:00:00,1757.0,0,0.19464285714285715,2,0,0,0,0.0
2025-11-26 16:00:00,1757.0,0,0.19523809523809524,2,0,0,0,0.0
2025-11-26 17:00:00,1757.0,0,0.19583333333333333,2,0,0,0,0.0
2025-11-26 18:00:00,1757.0,0,0.19642857142857142,2,0,0,0,0.0
2025-11-26 19:00:00,1757.0,0,0.19702380952380952,2,0,0,0,0.0
2025-11-26 20:00:00,1768.0,0,0.1976190476190476,2,0,0,0,0.0
2025-11-26 21:00:00,1815.0,0,0.1982142857142857,2,0,0,0,0.0
2025-11-26 22:00:00,1827.0,0,0.1988095238095238,2,0,0,0,0.0
2025-11-26 23:00:00,1803.0,0,0.19940476190476192,2,0,0,0,0.0
2025-11-27 00:00:00,1687.0,0,0.2,2,0,0,0,0.0
2025-11-27 01:00:00,1652.0,0,0.2005952380952381,2,0,0,0,0.0
2025-11-27 02:00:00,1652.0,0,0.2011904761904762,2,0,0,0,0.0
2025-11-27 03:00:00,1652.0,0,0.2017857142857143,2,0,0,0,0.0
2025-11-27 04:00:00,1652.0,0,0.20238095238095238,2,0,0,0,0.0
2025-11-27 05:00:00,1663.0,0,0.20297619047619048,2,0,0,0,0.0
2025-11-27 06:00:00,1640.0,0,0.20357142857142857,2,0,0,0,0.0
2025-11-27 07:00:00,1611.0,0,0.20416666666666666,2,0,0,0,0.0
2025-11-27 08:00:00,1617.0,0,0.20476190476190476,2,0,0,0,0.0
2025-11-27 09:00:00,1617.0,0,0.20535714285714285,2,0,0,0,0.0
2025-11-27 10:00:00,1617.0,0,0.20595238095238094,2,0,0,0,0.0
2025-11-27 11:00:00,1652.0,0,0.20654761904761904,2,0,0,0,0.0
2025-11-27 12:00:00,1657.0,0,0.20714285714285716,2,0,0,0,0.0
2025-11-27 13:00:00,1692.0,0,0.20773809523809525,2,0,0,0,0.0
2025-11-27 14:00:00,1693.0,0,0.20833333333333334,2,0,0,0,0.0
2025-11-27 15:00:00,1694.0,0,0.20892857142857144,2,0,0,0,0.0
2025-11-27 16:00:00,1696.0,0,0.20952380952380953,2,0,0,0,0.0
2025-11-27 17:00:00,1697.0,0,0.21011904761904762,2,0,0,0,0.0
2025-11-27 18:00:00,1698.0,0,0.21071428571428572,2,0,0,0,0.0
2025-11-27 19:00:00,1700.0,0,0.2113095238095238,2,0,0,0,0.0
2025-11-27 20:00:00,1701.0,0,0.2119047619047619,2,0,0,0,0.0
2025-11-27 21:00:00,1702.0,0,0.2125,2,0,0,0,0.0
2025-11-27 22:00:00,1703.0,0,0.2130952380952381,2,0,0,0,0.0
2025-11-27 23:00:00,1704.0,0,0.21369047619047618,2,0,0,0,0.0
2025-11-28 00:00:00,1706.0,0,0.21428571428571427,2,0,0,0,0.0
2025-11-28 01:00:00,1707.0,0,0.2148809523809524,2,0,0,0,0.0
2025-11-28 02:00:00,1708.0,0,0.2154761904761905,2,0,0,0,0.0
2025-11-28 03:00:00,1710.0,0,0.21607142857142858,2,0,0,0,0.0
2025-11-28 04:00:00,1711.0,0,0.21666666666666667,2,0,0,0,0.0
2025-11-28 05:00:00,1712.0,0,0.21726190476190477,2,0,0,0,0.0
2025-11-28 06:00:00,1713.0,0,0.21785714285714286,2,0,0,0,0.0
2025-11-28 07:00:00,1714.0,0,0.21845238095238095,2,0,0,0,0.0
2025-11-28 08:00:00,1716.0,0,0.21904761904761905,2,0,0,0,0.0
2025-11-28 09:00:00,1717.0,0,0.21964285714285714,2,0,0,0,0.0
2025-11-28 10:00:00,1718.0,0,0.22023809523809523,2,0,0,0,0.0
2025-11-28 11:00:00,1720.0,0,0.22083333333333333,2,0,0,0,0.0
2025-11-28 12:00:00,1721.0,0,0.22142857142857142,2,0,0,0,0.0
2025-11-28 13:00:00,1722.0,0,0.2220238095238095,2,0,0,0,0.0
2025-11-28 14:00:00,1722.0,0,0.2226190476190476,2,0,0,0,0.0
2025-11-28 15:00:00,1739.0,0,0.22321428571428573,2,0,0,0,0.0
2025-11-28 16:00:00,1768.0,0,0.22380952380952382,2,0,0,0,0.0
2025-11-28 17:00:00,1792.0,0,0.2244047619047619,2,0,0,0,0.0
2025-11-28 18:00:00,1792.0,0,0.225,2,0,0,0,0.0
2025-11-28 19:00:00,1792.0,0,0.2255952380952381,2,0,0,0,0.0
2025-11-28 20:00:00,1792.0,0,0.2261904761904762,2,0,0,0,0.0
2025-11-28 21:00:00,1827.0,0,0.22678571428571428,2,0,0,0,0.0
2025-11-28 22:00:00,1827.0,0,0.22738095238095238,2,0,0,0,0.0
2025-11-28 23:00:00,1827.0,0,0.22797619047619047,2,0,0,0,0.0
2025-11-29 00:00:00,1739.0,1,0.22857142857142856,2,0,0,0,0.0
2025-11-29 01:00:00,1698.0,1,0.22916666666666666,2,0,0,0,0.0
2025-11-29 02:00:00,1687.0,1,0.22976190476190475,2,0,0,0,0.0
2025-11-29 03:00:00,1722.0,1,0.23035714285714284,2,0,0,0,0.0
2025-11-29 04:00:00,1722.0,1,0.23095238095238096,2,0,0,0,0.0
2025-11-29 05:00:00,1722.0,1,0.23154761904761906,2,0,0,0,0.0
2025-11-29 06:00:00,1704.0,1,0.23214285714285715,2,0,0,0,0.0
2025-11-29 07:00:00,1710.0,1,0.23273809523809524,2,0,0,0,0.0
2025-11-29 08:00:00,1722.0,1,0.23333333333333334,2,0,0,0,0.0
2025-11-29 09:00:00,1727.0,1,0.23392857142857143,2,0,0,0,0.0
2025-11-29 10:00:00,1757.0,1,0.23452380952380952,2,0,0,0,0.0
2025-11-29 11:00:00,1780.0,1,0.23511904761904762,2,0,0,0,0.0
2025-11-29 12:00:00,1792.0,1,0.2357142857142857,2,0,0,0,0.0
2025-11-29 13:00:00,1797.0,1,0.2363095238095238,2,0,0,0,0.0
2025-11-29 14:00:00,1827.0,1,0.2369047619047619,2,0,0,0,0.0
2025-11-29 15:00:00,1827.0,1,0.2375,2,0,0,0,0.0
2025-11-29 16:00:00,1838.0,1,0.23809523809523808,2,0,0,0,0.0
2025-11-29 17:00:00,1862.0,1,0.2386904761904762,2,0,0,0,0.0
2025-11-29 18:00:00,1838.0,1,0.2392857142857143,2,0,0,0,0.0
2025-11-29 19:00:00,1827.0,1,0.2398809523809524,2,0,0,0,0.0
2025-11-29 20:00:00,1827.0,1,0.24047619047619048,2,0,0,0,0.0
2025-11-29 21:00:00,1838.0,1,0.24107142857142858,2,0,0,0,0.0
2025-11-29 22:00:00,1862.0,1,0.24166666666666667,2,0,0,0,0.0
2025-11-29 23:00:00,1862.0,1,0.24226190476190476,2,0,0,0,0.0
2025-11-30 00:00:00,1727.0,1,0.24285714285714285,2,0,0,0,0.0
2025-11-30 01:00:00,1704.0,1,0.24345238095238095,2,0,0,0,0.0
2025-11-30 02:00:00,1687.0,1,0.24404761904761904,2,0,0,0,0.0
2025-11-30 03:00:00,1770.0,1,0.24464285714285713,2,0,0,0,0.0
2025-11-30 04:00:00,1722.0,1,0.24523809523809523,2,0,0,0,0.0
2025-11-30 05:00:00,1692.0,1,0.24583333333333332,2,0,0,0,0.0
2025-11-30 06:00:00,1704.0,1,0.24642857142857144,2,0,0,0,0.0
2025-11-30 07:00:00,1657.0,1,0.24702380952380953,2,0,0,0,0.0
2025-11-30 08:00:00,1675.0,1,0.24761904761904763,2,0,0,0,0.0
2025-11-30 09:00:00,1722.0,1,0.24821428571428572,2,0,0,0,0.0
2025-11-30 10:00:00,1733.0,1,0.2488095238095238,2,0,0,0,0.0
2025-11-30 11:00:00,1757.0,1,0.2494047619047619,2,0,0,0,0.0
2025-11-30 12:00:00,1757.0,1,0.25,2,0,0,0,0.0
2025-11-30 13:00:00,1768.0,1,0.2505952380952381,2,0,0,0,0.0
2025-11-30 14:00:00,1803.0,1,0.2511904761904762,2,0,0,0,0.0
2025-11-30 15:00:00,1832.0,1,0.2517857142857143,2,0,0,0,0.0
2025-11-30 16:00:00,1862.0,1,0.2523809523809524,2,0,0,0,0.0
2025-11-30 17:00:00,1836.0,1,0.25297619047619047,2,0,0,0,0.0
2025-11-30 18:00:00,1797.0,1,0.25357142857142856,2,0,0,0,0.0
2025-11-30 19:00:00,1792.0,1,0.25416666666666665,2,0,0,0,0.0
2025-11-30 20:00:00,1792.0,1,0.25476190476190474,2,0,0,0,0.0
2025-11-30 21:00:00,1792.0,1,0.25535714285714284,2,0,0,0,0.0
2025-11-30 22:00:00,1792.0,1,0.25595238095238093,2,0,0,0,0.0
2025-11-30 23:00:00,1780.0,1,0.256547619047619,2,0,0,0,0.0
2025-12-01 00:00:00,1675.0,0,0.2571428571428571,2,0,0,0,0.0
2025-12-01 01:00:00,1669.0,0,0.2577380952380952,2,0,0,0,0.0
2025-12-01 02:00:00,1681.0,0,0.25833333333333336,2,0,0,0,0.0
2025-12-01 03:00:00,1687.0,0,0.25892857142857145,2,0,0,0,0.0
2025-12-01 04:00:00,1681.0,0,0.25952380952380955,2,0,0,0,0.0
2025-12-01 05:00:00,1681.0,0,0.26011904761904764,2,0,0,0,0.0
2025-12-01 06:00:00,1687.0,0,0.26071428571428573,2,0,0,0,0.0
2025-12-01 07:00:00,1634.0,0,0.2613095238095238,2,0,0,0,0.0
2025-12-01 08:00:00,1599.0,0,0.2619047619047619,2,0,0,0,0.0
2025-12-01 09:00:00,1582.0,0,0.2625,2,0,0,0,0.0
2025-12-01 10:00:00,1593.0,0,0.2630952380952381,2,0,0,0,0.0
2025-12-01 11:00:00,1611.0,0,0.2636904761904762,2,0,0,0,0.0
2025-12-01 12:00:00,1622.0,0,0.2642857142857143,2,0,0,0,0.0
2025-12-01 13:00:00,1681.0,0,0.2648809523809524,2,0,0,0,0.0
2025-12-01 14:00:00,1687.0,0,0.2654761904761905,2,0,0,0,0.0
2025-12-01 15:00:00,1680.0,0,0.26607142857142857,2,0,0,0,0.0
2025-12-01 16:00:00,1673.0,0,0.26666666666666666,2,0,0,0,0.0
2025-12-01 17:00:00,1666.0,0,0.26726190476190476,2,0,0,0,0.0
2025-12-01 18:00:00,1659.0,0,0.26785714285714285,2,0,0,0,0.0
2025-12-01 19:00:00,1652.0,0,0.26845238095238094,2,0,0,0,0.0
2025-12-01 20:00:00,1652.0,0,0.26904761904761904,2,0,0,0,0.0
2025-12-01 21:00:00,1681.0,0,0.26964285714285713,2,0,0,0,0.0
2025-12-01 22:00:00,1687.0,0,0.2702380952380952,2,0,0,0,0.0
2025-12-01 23:00:00,1687.0,0,0.2708333333333333,2,0,0,0,0.0
2025-12-02 00:00:00,1617.0,0,0.2714285714285714,2,0,0,0,0.0
2025-12-02 01:00:00,1617.0,0,0.2720238095238095,2,0,0,0,0.0
2025-12-02 02:00:00,1599.0,0,0.2726190476190476,2,0,0,0,0.0
2025-12-02 03:00:00,1564.0,0,0.2732142857142857,2,0,0,0,0.0
2025-12-02 04:00:00,1494.0,0,0.27380952380952384,2,0,0,0,0.0
2025-12-02 05:00:00,1506.0,0,0.27440476190476193,2,0,0,0,0.0
2025-12-02 06:00:00,1500.0,0,0.275,2,0,0,0,0.0
2025-12-02 07:00:00,1512.0,0,0.2755952380952381,2,0,0,0,0.0
2025-12-02 08:00:00,1512.0,0,0.2761904761904762,2,0,0,0,0.0
2025-12-02 09:00:00,1506.0,0,0.2767857142857143,2,0,0,0,0.0
2025-12-02 10:00:00,1506.0,0,0.2773809523809524,2,0,0,0,0.0
2025-12-02 11:00:00,1512.0,0,0.2779761904761905,2,0,0,0,0.0
2025-12-02 12:00:00,1512.0,0,0.2785714285714286,2,0,0,0,0.0
2025-12-02 13:00:00,1593.0,0,0.2791666666666667,2,0,0,0,0.0
2025-12-02 14:00:00,1617.0,0,0.27976190476190477,2,0,0,0,0.0
2025-12-02 15:00:00,1617.0,0,0.28035714285714286,2,0,0,0,0.0
2025-12-02 16:00:00,1617.0,0,0.28095238095238095,2,0,0,0,0.0
2025-12-02 17:00:00,1617.0,0,0.28154761904761905,2,0,0,0,0.0
2025-12-02 18:00:00,1617.0,0,0.28214285714285714,2,0,0,0,0.0
2025-12-02 19:00:00,1617.0,0,0.28273809523809523,2,0,0,0,0.0
2025-12-02 20:00:00,1617.0,0,0.2833333333333333,2,0,0,0,0.0
2025-12-02 21:00:00,1617.0,0,0.2839285714285714,2,0,0,0,0.0
2025-12-02 22:00:00,1617.0,0,0.2845238095238095,2,0,0,0,0.0
2025-12-02 23:00:00,1617.0,0,0.2851190476190476,2,0,0,0,0.0
2025-12-03 00:00:00,1570.0,0,0.2857142857142857,2,0,0,0,0.0
2025-12-03 01:00:00,1576.0,0,0.2863095238095238,2,0,0,0,0.0
2025-12-03 02:00:00,1576.0,0,0.2869047619047619,2,0,0,0,0.0
2025-12-03 03:00:00,1570.0,0,0.2875,2,0,0,0,0.0
2025-12-03 04:00:00,1564.0,0,0.28809523809523807,2,0,0,0,0.0
2025-12-03 05:00:00,1564.0,0,0.28869047619047616,2,0,0,0,0.0
2025-12-03 06:00:00,1552.0,0,0.2892857142857143,2,0,0,0,0.0
2025-12-03 07:00:00,1547.0,0,0.2898809523809524,2,0,0,0,0.0
2025-12-03 08:00:00,1512.0,0,0.2904761904761905,2,0,0,0,0.0
2025-12-03 09:00:00,1512.0,0,0.2910714285714286,2,0,0,0,0.0
2025-12-03 10:00:00,1506.0,0,0.2916666666666667,2,0,0,0,0.0
2025-12-03 11:00:00,1512.0,0,0.2922619047619048,2,0,0,0,0.0
2025-12-03 12:00:00,1517.0,0,0.29285714285714287,2,0,0,0,0.0
2025-12-03 13:00:00,1582.0,0,0.29345238095238096,2,0,0,0,0.0
2025-12-03 14:00:00,1582.0,0,0.29404761904761906,2,0,0,0,0.0
2025-12-03 15:00:00,1585.0,0,0.29464285714285715,2,0,0,0,0.0
2025-12-03 16:00:00,1589.0,0,0.29523809523809524,2,0,0,0,0.0
2025-12-03 17:00:00,1592.0,0,0.29583333333333334,2,0,0,0,0.0
2025-12-03 18:00:00,1595.0,0,0.29642857142857143,2,0,0,0,0.0
2025-12-03 19:00:00,1598.0,0,0.2970238095238095,2,0,0,0,0.0
2025-12-03 20:00:00,1602.0,0,0.2976190476190476,2,0,0,0,0.0
2025-12-03 21:00:00,1605.0,0,0.2982142857142857,2,0,0,0,0.0
2025-12-03 22:00:00,1608.0,0,0.2988095238095238,2,0,0,0,0.0
2025-12-03 23:00:00,1611.0,0,0.2994047619047619,2,0,0,0,0.0
2025-12-04 00:00:00,1615.0,0,0.3,2,0,0,0,0.0
2025-12-04 01:00:00,1618.0,0,0.3005952380952381,2,0,0,0,0.0
2025-12-04 02:00:00,1621.0,0,0.3011904761904762,2,0,0,0,0.0
2025-12-04 03:00:00,1624.0,0,0.30178571428571427,2,0,0,0,0.0
2025-12-04 04:00:00,1628.0,0,0.30238095238095236,2,0,0,0,0.0
2025-12-04 05:00:00,1631.0,0,0.30297619047619045,2,0,0,0,0.0
2025-12-04 06:00:00,1634.0,0,0.30357142857142855,2,0,0,0,0.0
2025-12-04 07:00:00,1637.0,0,0.30416666666666664,2,0,0,0,0.0
2025-12-04 08:00:00,1641.0,0,0.3047619047619048,2,0,0,0,0.0
2025-12-04 09:00:00,1644.0,0,0.3053571428571429,2,0,0,0,0.0
2025-12-04 10:00:00,1647.0,0,0.305952380952381,2,0,0,0,0.0
2025-12-04 11:00:00,1650.0,0,0.30654761904761907,2,0,0,0,0.0
2025-12-04 12:00:00,1654.0,0,0.30714285714285716,2,0,0,0,0.0
2025-12-04 13:00:00,1657.0,0,0.30773809523809526,2,0,0,0,0.0
2025-12-04 14:00:00,1657.0,0,0.30833333333333335,2,0,0,0,0.0
2025-12-04 15:00:00,1687.0,0,0.30892857142857144,2,0,0,0,0.0
2025-12-04 16:00:00,1687.0,0,0.30952380952380953,2,0,0,0,0.0
2025-12-04 17:00:00,1704.0,0,0.3101190476190476,2,0,0,0,0.0
2025-12-04 18:00:00,1698.0,0,0.3107142857142857,2,0,0,0,0.0
2025-12-04 19:00:00,1698.0,0,0.3113095238095238,2,0,0,0,0.0
2025-12-04 20:00:00,1722.0,0,0.3119047619047619,2,0,0,0,0.0
2025-12-04 21:00:00,1733.0,0,0.3125,2,0,0,0,0.0
2025-12-04 22:00:00,1757.0,0,0.3130952380952381,2,0,0,0,0.0
2025-12-04 23:00:00,1733.0,0,0.3136904761904762,2,0,0,0,0.0
2025-12-05 00:00:00,1628.0,0,0.3142857142857143,2,0,0,0,0.0
2025-12-05 01:00:00,1617.0,0,0.3148809523809524,2,0,0,0,0.0
2025-12-05 02:00:00,1617.0,0,0.31547619047619047,2,0,0,0,0.0
2025-12-05 03:00:00,1617.0,0,0.31607142857142856,2,0,0,0,0.0
2025-12-05 04:00:00,1617.0,0,0.31666666666666665,2,0,0,0,0.0
2025-12-05 05:00:00,1611.0,0,0.31726190476190474,2,0,0,0,0.0
2025-12-05 06:00:00,1617.0,0,0.31785714285714284,2,0,0,0,0.0
2025-12-05 07:00:00,1582.0,0,0.31845238095238093,2,0,0,0,0.0
2025-12-05 08:00:00,1529.0,0,0.319047619047619,2,0,0,0,0.0
2025-12-05 09:00:00,1541.0,0,0.3196428571428571,2,0,0,0,0.0
2025-12-05 10:00:00,1582.0,0,0.3202380952380952,2,0,0,0,0.0
2025-12-05 11:00:00,1582.0,0,0.32083333333333336,2,0,0,0,0.0
2025-12-05 12:00:00,1605.0,0,0.32142857142857145,2,0,0,0,0.0
2025-12-05 13:00:00,1652.0,0,0.32202380952380955,2,0,0,0,0.0
2025-12-05 14:00:00,1652.0,0,0.32261904761904764,2,0,0,0,0.0
2025-12-05 15:00:00,1687.0,0,0.32321428571428573,2,0,0,0,0.0
2025-12-05 16:00:00,1710.0,0,0.3238095238095238,2,0,0,0,0.0
2025-12-05 17:00:00,1716.0,0,0.3244047619047619,2,0,0,0,0.0
2025-12-05 18:00:00,1687.0,0,0.325,2,0,0,0,0.0
2025-12-05 19:00:00,1687.0,0,0.3255952380952381,2,0,0,0,0.0
2025-12-05 20:00:00,1710.0,0,0.3261904761904762,2,0,0,0,0.0
2025-12-05 21:00:00,1722.0,0,0.3267857142857143,2,0,0,0,0.0
2025-12-05 22:00:00,1722.0,0,0.3273809523809524,2,0,0,0,0.0
2025-12-05 23:00:00,1722.0,0,0.3279761904761905,2,0,0,0,0.0
2025-12-06 00:00:00,1640.0,1,0.32857142857142857,2,0,0,0,0.0
2025-12-06 01:00:00,1628.0,1,0.32916666666666666,2,0,0,0,0.0
2025-12-06 02:00:00,1653.0,1,0.32976190476190476,2,0,0,0,0.0
2025-12-06 03:00:00,1687.0,1,0.33035714285714285,2,0,0,0,0.0
2025-12-06 04:00:00,1687.0,1,0.33095238095238094,2,0,0,0,0.0
2025-12-06 05:00:00,1687.0,1,0.33154761904761904,2,0,0,0,0.0
2025-12-06 06:00:00,1663.0,1,0.33214285714285713,2,0,0,0,0.0
2025-12-06 07:00:00,1628.0,1,0.3327380952380952,2,0,0,0,0.0
2025-12-06 08:00:00,1640.0,1,0.3333333333333333,2,0,0,0,0.0
2025-12-06 09:00:00,1687.0,1,0.3339285714285714,2,0,0,0,0.0
2025-12-06 10:00:00,1687.0,1,0.3345238095238095,2,0,0,0,0.0
2025-12-06 11:00:00,1687.0,1,0.3351190476190476,2,0,0,0,0.0
2025-12-06 12:00:00,1687.0,1,0.3357142857142857,2,0,0,0,0.0
2025-12-06 13:00:00,1692.0,1,0.33630952380952384,2,0,0,0,0.0
2025-12-06 14:00:00,1722.0,1,0.33690476190476193,2,0,0,0,0.0
2025-12-06 15:00:00,1722.0,1,0.3375,2,0,0,0,0.0
2025-12-06 16:00:00,1722.0,1,0.3380952380952381,2,0,0,0,0.0
2025-12-06 17:00:00,1722.0,1,0.3386904761904762,2,0,0,0,0.0
2025-12-06 18:00:00,1722.0,1,0.3392857142857143,2,0,0,0,0.0
2025-12-06 19:00:00,1692.0,1,0.3398809523809524,2,0,0,0,0.0
2025-12-06 20:00:00,1722.0,1,0.3404761904761905,2,0,0,0,0.0
2025-12-06 21:00:00,1722.0,1,0.3410714285714286,2,0,0,0,0.0
2025-12-06 22:00:00,1795.0,1,0.3416666666666667,2,0,0,0,0.0
2025-12-06 23:00:00,1722.0,1,0.34226190476190477,2,0,0,0,0.0
2025-12-07 00:00:00,1652.0,1,0.34285714285714286,2,0,0,0,0.0
2025-12-07 01:00:00,1681.0,1,0.34345238095238095,2,0,0,0,0.0
2025-12-07 02:00:00,1687.0,1,0.34404761904761905,2,0,0,0,0.0
2025-12-07 03:00:00,1692.0,1,0.34464285714285714,2,0,0,0,0.0
2025-12-07 04:00:00,1710.0,1,0.34523809523809523,2,0,0,0,0.0
2025-12-07 05:00:00,1716.0,1,0.3458333333333333,2,0,0,0,0.0
2025-12-07 06:00:00,1687.0,1,0.3464285714285714,2,0,0,0,0.0
2025-12-07 07:00:00,1687.0,1,0.3470238095238095,2,0,0,0,0.0
2025-12-07 08:00:00,1687.0,1,0.3476190476190476,2,0,0,0,0.0
2025-12-07 09:00:00,1710.0,1,0.3482142857142857,2,0,0,0,0.0
2025-12-07 10:00:00,1722.0,1,0.3488095238095238,2,0,0,0,0.0
2025-12-07 11:00:00,1722.0,1,0.3494047619047619,2,0,0,0,0.0
2025-12-07 12:00:00,1722.0,1,0.35,2,0,0,0,0.0
2025-12-07 13:00:00,1722.0,1,0.35059523809523807,2,0,0,0,0.0
2025-12-07 14:00:00,1730.0,1,0.35119047619047616,2,0,0,0,0.0
2025-12-07 15:00:00,1815.0,1,0.3517857142857143,2,0,0,0,0.0
2025-12-07 16:00:00,1815.0,1,0.3523809523809524,2,0,0,0,0.0
2025-12-07 17:00:00,1827.0,1,0.3529761904761905,2,0,0,0,0.0
2025-12-07 18:00:00,1803.0,1,0.3535714285714286,2,0,0,0,0.0
2025-12-07 19:00:00,1792.0,1,0.3541666666666667,2,0,0,0,0.0
2025-12-07 20:00:00,1792.0,1,0.3547619047619048,2,0,0,0,0.0
2025-12-07 21:00:00,1792.0,1,0.35535714285714287,2,0,0,0,0.0
2025-12-07 22:00:00,1792.0,1,0.35595238095238096,2,0,0,0,0.0
2025-12-07 23:00:00,1780.0,1,0.35654761904761906,2,0,0,0,0.0
2025-12-08 00:00:00,1687.0,0,0.35714285714285715,2,0,0,0,0.0
2025-12-08 01:00:00,1663.0,0,0.35773809523809524,2,0,0,0,0.0
2025-12-08 02:00:00,1687.0,0,0.35833333333333334,2,0,0,0,0.0
2025-12-08 03:00:00,1698.0,0,0.35892857142857143,2,0,0,0,0.0
2025-12-08 04:00:00,1716.0,0,0.3595238095238095,2,0,0,0,0.0
2025-12-08 05:00:00,1687.0,0,0.3601190476190476,2,0,0,0,0.0
2025-12-08 06:00:00,1681.0,0,0.3607142857142857,2,0,0,0,0.0
2025-12-08 07:00:00,1622.0,0,0.3613095238095238,2,0,0,0,0.0
2025-12-08 08:00:00,1523.0,0,0.3619047619047619,2,0,0,0,0.0
2025-12-08 09:00:00,1547.0,0,0.3625,2,0,0,0,0.0
2025-12-08 10:00:00,1541.0,0,0.3630952380952381,2,0,0,0,0.0
2025-12-08 11:00:00,1547.0,0,0.3636904761904762,2,0,0,0,0.0
2025-12-08 12:00:00,1576.0,0,0.36428571428571427,2,0,0,0,0.0
2025-12-08 13:00:00,1722.0,0,0.36488095238095236,2,0,0,0,0.0
2025-12-08 14:00:00,1722.0,0,0.36547619047619045,2,0,0,0,0.0
2025-12-08 15:00:00,1722.0,0,0.36607142857142855,2,0,0,0,0.0
2025-12-08 16:00:00,1722.0,0,0.36666666666666664,2,0,0,0,0.0
2025-12-08 17:00:00,1704.0,0,0.3672619047619048,2,0,0,0,0.0
2025-12-08 18:00:00,1663.0,0,0.3678571428571429,2,0,0,0,0.0
2025-12-08 19:00:00,1652.0,0,0.368452380952381,2,0,0,0,0.0
2025-12-08 20:00:00,1652.0,0,0.36904761904761907,2,0,0,0,0.0
2025-12-08 21:00:00,1687.0,0,0.36964285714285716,2,0,0,0,0.0
2025-12-08 22:00:00,1722.0,0,0.37023809523809526,2,0,0,0,0.0
2025-12-08 23:00:00,1687.0,0,0.37083333333333335,2,0,0,0,0.0
2025-12-09 00:00:00,1582.0,0,0.37142857142857144,2,0,0,0,0.0
2025-12-09 01:00:00,1552.0,0,0.37202380952380953,2,0,0,0,0.0
2025-12-09 02:00:00,1547.0,0,0.3726190476190476,2,0,0,0,0.0
2025-12-09 03:00:00,1535.0,0,0.3732142857142857,2,0,0,0,0.0
2025-12-09 04:00:00,1506.0,0,0.3738095238095238,2,0,0,0,0.0
2025-12-09 05:00:00,1488.0,0,0.3744047619047619,2,0,0,0,0.0
2025-12-09 06:00:00,1494.0,0,0.375,2,0,0,0,0.0
2025-12-09 07:00:00,1477.0,0,0.3755952380952381,2,0,0,0,0.0
2025-12-09 08:00:00,1459.0,0,0.3761904761904762,2,0,0,0,0.0
2025-12-09 09:00:00,1477.0,0,0.3767857142857143,2,0,0,0,0.0
2025-12-09 10:00:00,1477.0,0,0.3773809523809524,2,0,0,0,0.0
2025-12-09 11:00:00,1471.0,0,0.37797619047619047,2,0,0,0,0.0
2025-12-09 12:00:00,1500.0,0,0.37857142857142856,2,0,0,0,0.0
2025-12-09 13:00:00,1541.0,0,0.37916666666666665,2,0,0,0,0.0
2025-12-09 14:00:00,1547.0,0,0.37976190476190474,2,0,0,0,0.0
2025-12-09 15:00:00,1564.0,0,0.38035714285714284,2,0,0,0,0.0
2025-12-09 16:00:00,1582.0,0,0.38095238095238093,2,0,0,0,0.0
2025-12-09 17:00:00,1582.0,0,0.381547619047619,2,0,0,0,0.0
2025-12-09 18:00:00,1529.0,0,0.3821428571428571,2,0,0,0,0.0
2025-12-09 19:00:00,1512.0,0,0.3827380952380952,2,0,0,0,0.0
2025-12-09 20:00:00,1523.0,0,0.38333333333333336,2,0,0,0,0.0
2025-12-09 21:00:00,1564.0,0,0.38392857142857145,2,0,0,0,0.0
2025-12-09 22:00:00,1582.0,0,0.38452380952380955,2,0,0,0,0.0
2025-12-09 23:00:00,1576.0,0,0.38511904761904764,2,0,0,0,0.0
2025-12-10 00:00:00,1512.0,0,0.38571428571428573,2,0,0,0,0.0
2025-12-10 01:00:00,1494.0,0,0.3863095238095238,2,0,0,0,0.0
2025-12-10 02:00:00,1512.0,0,0.3869047619047619,2,0,0,0,0.0
2025-12-10 03:00:00,1477.0,0,0.3875,2,0,0,0,0.0
2025-12-10 04:00:00,1471.0,0,0.3880952380952381,2,0,0,0,0.0
2025-12-10 05:00:00,1438.0,0,0.3886904761904762,2,0,0,0,0.0
2025-12-10 06:00:00,1471.0,0,0.3892857142857143,2,0,0,0,0.0
2025-12-10 07:00:00,1459.0,0,0.3898809523809524,2,0,0,0,0.0
2025-12-10 08:00:00,1707.0,0,0.3904761904761905,2,0,0,0,0.0
2025-12-10 09:00:00,1488.0,0,0.39107142857142857,2,0,0,0,0.0
2025-12-10 10:00:00,1477.0,0,0.39166666666666666,2,0,0,0,0.0
2025-12-10 11:00:00,1477.0,0,0.39226190476190476,2,0,0,0,0.0
2025-12-10 12:00:00,1494.0,0,0.39285714285714285,2,0,0,0,0.0
2025-12-10 13:00:00,1512.0,0,0.39345238095238094,2,0,0,0,0.0
2025-12-10 14:00:00,1512.0,0,0.39404761904761904,2,0,0,0,0.0
2025-12-10 15:00:00,1535.0,0,0.39464285714285713,2,0,0,0,0.0
2025-12-10 16:00:00,1558.0,0,0.3952380952380952,2,0,0,0,0.0
2025-12-10 17:00:00,1564.0,0,0.3958333333333333,2,0,0,0,0.0
2025-12-10 18:00:00,1547.0,0,0.3964285714285714,2,0,0,0,0.0
2025-12-10 19:00:00,1547.0,0,0.3970238095238095,2,0,0,0,0.0
2025-12-10 20:00:00,1547.0,0,0.3976190476190476,2,0,0,0,0.0
2025-12-10 21:00:00,1539.0,0,0.3982142857142857,2,0,0,0,0.0
2025-12-10 22:00:00,1582.0,0,0.39880952380952384,2,0,0,0,0.0
2025-12-10 23:00:00,1582.0,0,0.39940476190476193,2,0,0,0,0.0
2025-12-11 00:00:00,1523.0,0,0.4,2,0,0,0,0.0
2025-12-11 01:00:00,1512.0,0,0.4005952380952381,2,0,0,0,0.0
2025-12-11 02:00:00,1512.0,0,0.4011904761904762,2,0,0,0,0.0
2025-12-11 03:00:00,1506.0,0,0.4017857142857143,2,0,0,0,0.0
2025-12-11 04:00:00,1517.0,0,0.4023809523809524,2,0,0,0,0.0
2025-12-11 05:00:00,1523.0,0,0.4029761904761905,2,0,0,0,0.0
2025-12-11 06:00:00,1529.0,0,0.4035714285714286,2,0,0,0,0.0
2025-12-11 07:00:00,1459.0,0,0.4041666666666667,2,0,0,0,0.0
2025-12-11 08:00:00,1418.0,0,0.40476190476190477,2,0,0,0,0.0
2025-12-11 09:00:00,1442.0,0,0.40535714285714286,2,0,0,0,0.0
2025-12-11 10:00:00,1447.0,0,0.40595238095238095,2,0,0,0,0.0
2025-12-11 11:00:00,1500.0,0,0.40654761904761905,2,0,0,0,0.0
2025-12-11 12:00:00,1512.0,0,0.40714285714285714,2,0,0,0,0.0
2025-12-11 13:00:00,1547.0,0,0.40773809523809523,2,0,0,0,0.0
2025-12-11 14:00:00,1547.0,0,0.4083333333333333,2,0,0,0,0.0
2025-12-11 15:00:00,1576.0,0,0.4089285714285714,2,0,0,0,0.0
2025-12-11 16:00:00,1582.0,0,0.4095238095238095,2,0,0,0,0.0
2025-12-11 17:00:00,1582.0,0,0.4101190476190476,2,0,0,0,0.0
2025-12-11 18:00:00,1582.0,0,0.4107142857142857,2,0,0,0,0.0
2025-12-11 19:00:00,1582.0,0,0.4113095238095238,2,0,0,0,0.0
2025-12-11 20:00:00,1582.0,0,0.4119047619047619,2,0,0,0,0.0
2025-12-11 21:00:00,1587.0,0,0.4125,2,0,0,0,0.0
2025-12-11 22:00:00,1617.0,0,0.41309523809523807,2,0,0,0,0.0
2025-12-11 23:00:00,1617.0,0,0.41369047619047616,2,0,0,0,0.0
2025-12-12 00:00:00,1529.0,0,0.4142857142857143,2,0,0,0,0.0
2025-12-12 01:00:00,1512.0,0,0.4148809523809524,2,0,0,0,0.0
2025-12-12 02:00:00,1512.0,0,0.4154761904761905,2,0,0,0,0.0
2025-12-12 03:00:00,1541.0,0,0.4160714285714286,2,0,0,0,0.0
2025-12-12 04:00:00,1541.0,0,0.4166666666666667,2,0,0,0,0.0
2025-12-12 05:00:00,1547.0,0,0.4172619047619048,2,0,0,0,0.0
2025-12-12 06:00:00,1535.0,0,0.41785714285714287,2,0,0,0,0.0
2025-12-12 07:00:00,1471.0,0,0.41845238095238096,2,0,0,0,0.0
2025-12-12 08:00:00,1442.0,0,0.41904761904761906,2,0,0,0,0.0
2025-12-12 09:00:00,1465.0,0,0.41964285714285715,2,0,0,0,0.0
2025-12-12 10:00:00,1482.0,0,0.42023809523809524,2,0,0,0,0.0
2025-12-12 11:00:00,1512.0,0,0.42083333333333334,2,0,0,0,0.0
2025-12-12 12:00:00,1512.0,0,0.42142857142857143,2,0,0,0,0.0
2025-12-12 13:00:00,1558.0,0,0.4220238095238095,2,0,0,0,0.0
2025-12-12 14:00:00,1593.0,0,0.4226190476190476,2,0,0,0,0.0
2025-12-12 15:00:00,1617.0,0,0.4232142857142857,2,0,0,0,0.0
2025-12-12 16:00:00,1617.0,0,0.4238095238095238,2,0,0,0,0.0
2025-12-12 17:00:00,1617.0,0,0.4244047619047619,2,0,0,0,0.0
2025-12-12 18:00:00,1617.0,0,0.425,2,0,0,0,0.0
2025-12-12 19:00:00,1617.0,0,0.4255952380952381,2,0,0,0,0.0
2025-12-12 20:00:00,1617.0,0,0.4261904761904762,2,0,0,0,0.0
2025-12-12 21:00:00,1617.0,0,0.42678571428571427,2,0,0,0,0.0
2025-12-12 22:00:00,1617.0,0,0.42738095238095236,2,0,0,0,0.0
2025-12-12 23:00:00,1617.0,0,0.42797619047619045,2,0,0,0,0.0
2025-12-13 00:00:00,1587.0,1,0.42857142857142855,2,0,0,0,0.0
2025-12-13 01:00:00,1582.0,1,0.42916666666666664,2,0,0,0,0.0
2025-12-13 02:00:00,1593.0,1,0.4297619047619048,2,0,0,0,0.0
2025-12-13 03:00:00,1617.0,1,0.4303571428571429,2,0,0,0,0.0
2025-12-13 04:00:00,1605.0,1,0.430952380952381,2,0,0,0,0.0
2025-12-13 05:00:00,1593.0,1,0.43154761904761907,2,0,0,0,0.0
2025-12-13 06:00:00,1587.0,1,0.43214285714285716,2,0,0,0,0.0
2025-12-13 07:00:00,1564.0,1,0.43273809523809526,2,0,0,0,0.0
2025-12-13 08:00:00,1587.0,1,0.43333333333333335,2,0,0,0,0.0
2025-12-13 09:00:00,1617.0,1,0.43392857142857144,2,0,0,0,0.0
2025-12-13 10:00:00,1617.0,1,0.43452380952380953,2,0,0,0,0.0
2025-12-13 11:00:00,1617.0,1,0.4351190476190476,2,0,0,0,0.0
2025-12-13 12:00:00,1617.0,1,0.4357142857142857,2,0,0,0,0.0
2025-12-13 13:00:00,1617.0,1,0.4363095238095238,2,0,0,0,0.0
2025-12-13 14:00:00,1617.0,1,0.4369047619047619,2,0,0,0,0.0
2025-12-13 15:00:00,1710.0,1,0.4375,2,0,0,0,0.0
2025-12-13 16:00:00,1745.0,1,0.4380952380952381,2,0,0,0,0.0
2025-12-13 17:00:00,1757.0,1,0.4386904761904762,2,0,0,0,0.0
2025-12-13 18:00:00,1710.0,1,0.4392857142857143,2,0,0,0,0.0
2025-12-13 19:00:00,1687.0,1,0.4398809523809524,2,0,0,0,0.0
2025-12-13 20:00:00,1687.0,1,0.44047619047619047,2,0,0,0,0.0
2025-12-13 21:00:00,1710.0,1,0.44107142857142856,2,0,0,0,0.0
2025-12-13 22:00:00,1722.0,1,0.44166666666666665,2,0,0,0,0.0
2025-12-13 23:00:00,1722.0,1,0.44226190476190474,2,0,0,0,0.0
2025-12-14 00:00:00,1622.0,1,0.44285714285714284,2,0,0,0,0.0
2025-12-14 01:00:00,1622.0,1,0.44345238095238093,2,0,0,0,0.0
2025-12-14 02:00:00,1652.0,1,0.444047619047619,2,0,0,0,0.0
2025-12-14 03:00:00,1652.0,1,0.4446428571428571,2,0,0,0,0.0
2025-12-14 04:00:00,1652.0,1,0.4452380952380952,2,0,0,0,0.0
2025-12-14 05:00:00,1634.0,1,0.44583333333333336,2,0,0,0,0.0
2025-12-14 06:00:00,1634.0,1,0.44642857142857145,2,0,0,0,0.0
2025-12-14 07:00:00,1617.0,1,0.44702380952380955,2,0,0,0,0.0
2025-12-14 08:00:00,1617.0,1,0.44761904761904764,2,0,0,0,0.0
2025-12-14 09:00:00,1646.0,1,0.44821428571428573,2,0,0,0,0.0
2025-12-14 10:00:00,1675.0,1,0.4488095238095238,2,0,0,0,0.0
2025-12-14 11:00:00,1687.0,1,0.4494047619047619,2,0,0,0,0.0
2025-12-14 12:00:00,1687.0,1,0.45,2,0,0,0,0.0
2025-12-14 13:00:00,1687.0,1,0.4505952380952381,2,0,0,0,0.0
2025-12-14 14:00:00,1704.0,1,0.4511904761904762,2,0,0,0,0.0
2025-12-14 15:00:00,1722.0,1,0.4517857142857143,2,0,0,0,0.0
2025-12-14 16:00:00,1722.0,1,0.4523809523809524,2,0,0,0,0.0
2025-12-14 17:00:00,1716.0,1,0.4529761904761905,2,0,0,0,0.0
2025-12-14 18:00:00,1669.0,1,0.45357142857142857,2,0,0,0,0.0
2025-12-14 19:00:00,1652.0,1,0.45416666666666666,2,0,0,0,0.0
2025-12-14 20:00:00,1652.0,1,0.45476190476190476,2,0,0,0,0.0
2025-12-14 21:00:00,1652.0,1,0.45535714285714285,2,0,0,0,0.0
2025-12-14 22:00:00,1669.0,1,0.45595238095238094,2,0,0,0,0.0
2025-12-14 23:00:00,1681.0,1,0.45654761904761904,2,0,0,0,0.0
2025-12-15 00:00:00,1617.0,0,0.45714285714285713,2,0,0,0,0.0
2025-12-15 01:00:00,1617.0,0,0.4577380952380952,2,0,0,0,0.0
2025-12-15 02:00:00,1617.0,0,0.4583333333333333,2,0,0,0,0.0
2025-12-15 03:00:00,1587.0,0,0.4589285714285714,2,0,0,0,0.0
2025-12-15 04:00:00,1582.0,0,0.4595238095238095,2,0,0,0,0.0
2025-12-15 05:00:00,1348.0,0,0.4601190476190476,2,0,0,0,0.0
2025-12-15 06:00:00,1284.0,0,0.4607142857142857,2,0,0,0,0.0
2025-12-15 07:00:00,1313.0,0,0.46130952380952384,2,0,0,0,0.0
2025-12-15 08:00:00,1342.0,0,0.46190476190476193,2,0,0,0,0.0
2025-12-15 09:00:00,1360.0,0,0.4625,2,0,0,0,0.0
2025-12-15 10:00:00,1377.0,0,0.4630952380952381,2,0,0,0,0.0
2025-12-15 11:00:00,1319.0,0,0.4636904761904762,2,0,0,0,0.0
2025-12-15 12:00:00,1348.0,0,0.4642857142857143,2,0,0,0,0.0
2025-12-15 13:00:00,1354.0,0,0.4648809523809524,2,0,0,0,0.0
2025-12-15 14:00:00,1302.0,0,0.4654761904761905,2,0,0,0,0.0
2025-12-15 15:00:00,1296.0,0,0.4660714285714286,2,0,0,0,0.0
2025-12-15 16:00:00,1302.0,0,0.4666666666666667,2,0,0,0,0.0
2025-12-15 17:00:00,1302.0,0,0.46726190476190477,2,0,0,0,0.0
2025-12-15 18:00:00,1284.0,0,0.46785714285714286,2,0,0,0,0.0
2025-12-15 19:00:00,1302.0,0,0.46845238095238095,2,0,0,0,0.0
2025-12-15 20:00:00,1302.0,0,0.46904761904761905,2,0,0,0,0.0
2025-12-15 21:00:00,1302.0,0,0.46964285714285714,2,0,0,0,0.0
2025-12-15 22:00:00,1302.0,0,0.47023809523809523,2,0,0,0,0.0
2025-12-15 23:00:00,1296.0,0,0.4708333333333333,2,0,0,0,0.0
2025-12-16 00:00:00,1302.0,0,0.4714285714285714,2,0,0,0,0.0
2025-12-16 01:00:00,1302.0,0,0.4720238095238095,2,0,0,0,0.0
2025-12-16 02:00:00,1296.0,0,0.4726190476190476,2,0,0,0,0.0
2025-12-16 03:00:00,1290.0,0,0.4732142857142857,2,0,0,0,0.0
2025-12-16 04:00:00,1284.0,0,0.4738095238095238,2,0,0,0,0.0
2025-12-16 05:00:00,1290.0,0,0.4744047619047619,2,0,0,0,0.0
2025-12-16 06:00:00,1278.0,0,0.475,2,0,0,0,0.0
2025-12-16 07:00:00,1296.0,0,0.47559523809523807,2,0,0,0,0.0
2025-12-16 08:00:00,1302.0,0,0.47619047619047616,2,0,0,0,0.0
2025-12-16 09:00:00,1302.0,0,0.4767857142857143,2,0,0,0,0.0
2025-12-16 10:00:00,1290.0,0,0.4773809523809524,2,0,0,0,0.0
2025-12-16 11:00:00,1302.0,0,0.4779761904761905,2,0,0,0,0.0
2025-12-16 12:00:00,1302.0,0,0.4785714285714286,2,0,0,0,0.0
2025-12-16 13:00:00,1302.0,0,0.4791666666666667,2,0,0,0,0.0
2025-12-16 14:00:00,1302.0,0,0.4797619047619048,2,0,0,0,0.0
2025-12-16 15:00:00,1302.0,0,0.48035714285714287,2,0,0,0,0.0
2025-12-16 16:00:00,1302.0,0,0.48095238095238096,2,0,0,0,0.0
2025-12-16 17:00:00,1296.0,0,0.48154761904761906,2,0,0,0,0.0
2025-12-16 18:00:00,1272.0,0,0.48214285714285715,2,0,0,0,0.0
2025-12-16 19:00:00,1290.0,0,0.48273809523809524,2,0,0,0,0.0
2025-12-16 20:00:00,1302.0,0,0.48333333333333334,2,0,0,0,0.0
2025-12-16 21:00:00,1302.0,0,0.48392857142857143,2,0,0,0,0.0
2025-12-16 22:00:00,1302.0,0,0.4845238095238095,2,0,0,0,0.0
2025-12-16 23:00:00,1296.0,0,0.4851190476190476,2,0,0,0,0.0
2025-12-17 00:00:00,1296.0,0,0.4857142857142857,2,0,0,0,0.0
2025-12-17 01:00:00,1302.0,0,0.4863095238095238,2,0,0,0,0.0
2025-12-17 02:00:00,1302.0,0,0.4869047619047619,2,0,0,0,0.0
2025-12-17 03:00:00,1302.0,0,0.4875,2,0,0,0,0.0
2025-12-17 04:00:00,1296.0,0,0.4880952380952381,2,0,0,0,0.0
2025-12-17 05:00:00,1296.0,0,0.4886904761904762,2,0,0,0,0.0
2025-12-17 06:00:00,1296.0,0,0.48928571428571427,2,0,0,0,0.0
2025-12-17 07:00:00,1302.0,0,0.48988095238095236,2,0,0,0,0.0
2025-12-17 08:00:00,1302.0,0,0.49047619047619045,2,0,0,0,0.0
2025-12-17 09:00:00,1284.0,0,0.49107142857142855,2,0,0,0,0.0
2025-12-17 10:00:00,1296.0,0,0.49166666666666664,2,0,0,0,0.0
2025-12-17 11:00:00,1296.0,0,0.4922619047619048,2,0,0,0,0.0
2025-12-17 12:00:00,1302.0,0,0.4928571428571429,2,0,0,0,0.0
2025-12-17 13:00:00,1302.0,0,0.493452380952381,2,0,0,0,0.0
2025-12-17 14:00:00,1302.0,0,0.49404761904761907,2,0,0,0,0.0
2025-12-17 15:00:00,1302.0,0,0.49464285714285716,2,0,0,0,0.0
2025-12-17 16:00:00,1302.0,0,0.49523809523809526,2,0,0,0,0.0
2025-12-17 17:00:00,1302.0,0,0.49583333333333335,2,0,0,0,0.0
2025-12-17 18:00:00,1302.0,0,0.49642857142857144,2,0,0,0,0.0
2025-12-17 19:00:00,1302.0,0,0.49702380952380953,2,0,0,0,0.0
2025-12-17 20:00:00,1407.0,0,0.4976190476190476,2,0,0,0,0.0
2025-12-17 21:00:00,1407.0,0,0.4982142857142857,2,0,0,0,0.0
2025-12-17 22:00:00,1407.0,0,0.4988095238095238,2,0,0,0,0.0
2025-12-17 23:00:00,1395.0,0,0.4994047619047619,2,0,0,0,0.0
2025-12-18 00:00:00,1372.0,0,0.5,2,0,0,0,0.0
2025-12-18 01:00:00,1372.0,0,0.5005952380952381,2,0,0,0,0.0
2025-12-18 02:00:00,1372.0,0,0.5011904761904762,2,0,0,0,0.0
2025-12-18 03:00:00,1366.0,0,0.5017857142857143,2,0,0,0,0.0
2025-12-18 04:00:00,1372.0,0,0.5023809523809524,2,0,0,0,0.0
2025-12-18 05:00:00,1354.0,0,0.5029761904761905,2,0,0,0,0.0
2025-12-18 06:00:00,1348.0,0,0.5035714285714286,2,0,0,0,0.0
2025-12-18 07:00:00,1348.0,0,0.5041666666666667,2,0,0,0,0.0
2025-12-18 08:00:00,1377.0,0,0.5047619047619047,2,0,0,0,0.0
2025-12-18 09:00:00,1366.0,0,0.5053571428571428,2,0,0,0,0.0
2025-12-18 10:00:00,1372.0,0,0.5059523809523809,2,0,0,0,0.0
2025-12-18 11:00:00,1372.0,0,0.506547619047619,2,0,0,0,0.0
2025-12-18 12:00:00,1377.0,0,0.5071428571428571,2,0,0,0,0.0
2025-12-18 13:00:00,1407.0,0,0.5077380952380952,2,0,0,0,0.0
2025-12-18 14:00:00,1407.0,0,0.5083333333333333,2,0,0,0,0.0
2025-12-18 15:00:00,1407.0,0,0.5089285714285714,2,0,0,0,0.0
2025-12-18 16:00:00,1407.0,0,0.5095238095238095,2,0,0,0,0.0
2025-12-18 17:00:00,1407.0,0,0.5101190476190476,2,0,0,0,0.0
2025-12-18 18:00:00,1407.0,0,0.5107142857142857,2,0,0,0,0.0
2025-12-18 19:00:00,1407.0,0,0.5113095238095238,2,0,0,0,0.0
2025-12-18 20:00:00,1407.0,0,0.5119047619047619,2,0,0,0,0.0
2025-12-18 21:00:00,1442.0,0,0.5125,2,0,0,0,0.0
2025-12-18 22:00:00,1512.0,0,0.513095238095238,2,0,0,0,0.0
2025-12-18 23:00:00,1512.0,0,0.5136904761904761,2,0,0,0,0.0
2025-12-19 00:00:00,1436.0,0,0.5142857142857142,2,0,0,0,0.0
2025-12-19 01:00:00,1442.0,0,0.5148809523809523,2,0,0,0,0.0
2025-12-19 02:00:00,1436.0,0,0.5154761904761904,2,0,0,0,0.0
2025-12-19 03:00:00,1442.0,0,0.5160714285714286,2,0,0,0,0.0
2025-12-19 04:00:00,1424.0,0,0.5166666666666667,2,0,0,0,0.0
2025-12-19 05:00:00,1412.0,0,0.5172619047619048,2,0,0,0,0.0
2025-12-19 06:00:00,1395.0,0,0.5178571428571429,2,0,0,0,0.0
2025-12-19 07:00:00,1395.0,0,0.518452380952381,2,0,0,0,0.0
2025-12-19 08:00:00,1377.0,0,0.5190476190476191,2,0,0,0,0.0
2025-12-19 09:00:00,1377.0,0,0.5196428571428572,2,0,0,0,0.0
2025-12-19 10:00:00,1407.0,0,0.5202380952380953,2,0,0,0,0.0
2025-12-19 11:00:00,1401.0,0,0.5208333333333334,2,0,0,0,0.0
2025-12-19 12:00:00,1407.0,0,0.5214285714285715,2,0,0,0,0.0
2025-12-19 13:00:00,1407.0,0,0.5220238095238096,2,0,0,0,0.0
2025-12-19 14:00:00,1407.0,0,0.5226190476190476,2,0,0,0,0.0
2025-12-19 15:00:00,1418.0,0,0.5232142857142857,2,0,0,0,0.0
2025-12-19 16:00:00,1442.0,0,0.5238095238095238,2,0,0,0,0.0
2025-12-19 17:00:00,1442.0,0,0.5244047619047619,2,0,0,0,0.0
2025-12-19 18:00:00,1442.0,0,0.525,2,0,0,0,0.0
2025-12-19 19:00:00,1442.0,0,0.5255952380952381,2,0,0,0,0.0
2025-12-19 20:00:00,1442.0,0,0.5261904761904762,2,0,0,0,0.0
2025-12-19 21:00:00,1442.0,0,0.5267857142857143,2,0,0,0,0.0
2025-12-19 22:00:00,1442.0,0,0.5273809523809524,2,0,0,0,0.0
2025-12-19 23:00:00,1442.0,0,0.5279761904761905,2,0,0,0,0.0
2025-12-20 00:00:00,1442.0,1,0.5285714285714286,2,0,0,0,0.0
2025-12-20 01:00:00,1442.0,1,0.5291666666666667,2,0,0,0,0.0
2025-12-20 02:00:00,1442.0,1,0.5297619047619048,2,0,0,0,0.0
2025-12-20 03:00:00,1436.0,1,0.5303571428571429,2,0,0,0,0.0
2025-12-20 04:00:00,1442.0,1,0.530952380952381,2,0,0,0,0.0
2025-12-20 05:00:00,1436.0,1,0.531547619047619,2,0,0,0,0.0
2025-12-20 06:00:00,1412.0,1,0.5321428571428571,2,0,0,0,0.0
2025-12-20 07:00:00,1401.0,1,0.5327380952380952,2,0,0,0,0.0
2025-12-20 08:00:00,1424.0,1,0.5333333333333333,2,0,0,0,0.0
2025-12-20 09:00:00,1442.0,1,0.5339285714285714,2,0,0,0,0.0
2025-12-20 10:00:00,1442.0,1,0.5345238095238095,2,0,0,0,0.0
2025-12-20 11:00:00,1442.0,1,0.5351190476190476,2,0,0,0,0.0
2025-12-20 12:00:00,1442.0,1,0.5357142857142857,2,0,0,0,0.0
2025-12-20 13:00:00,1447.0,1,0.5363095238095238,2,0,0,0,0.0
2025-12-20 14:00:00,1564.0,1,0.5369047619047619,2,0,0,0,0.0
2025-12-20 15:00:00,1617.0,1,0.5375,2,0,0,0,0.0
2025-12-20 16:00:00,1582.0,1,0.5380952380952381,2,0,0,0,0.0
2025-12-20 17:00:00,1570.0,1,0.5386904761904762,2,0,0,0,0.0
2025-12-20 18:00:00,1523.0,1,0.5392857142857143,2,0,0,0,0.0
2025-12-20 19:00:00,1512.0,1,0.5398809523809524,2,0,0,0,0.0
2025-12-20 20:00:00,1512.0,1,0.5404761904761904,2,0,0,0,0.0
2025-12-20 21:00:00,1512.0,1,0.5410714285714285,2,0,0,0,0.0
2025-12-20 22:00:00,1512.0,1,0.5416666666666666,2,0,0,0,0.0
2025-12-20 23:00:00,1512.0,1,0.5422619047619047,2,0,0,0,0.0
2025-12-21 00:00:00,1477.0,1,0.5428571428571428,2,0,0,0,0.0
2025-12-21 01:00:00,1512.0,1,0.5434523809523809,2,0,0,0,0.0
2025-12-21 02:00:00,1512.0,1,0.544047619047619,2,0,0,0,0.0
2025-12-21 03:00:00,1512.0,1,0.5446428571428571,2,0,0,0,0.0
2025-12-21 04:00:00,1488.0,1,0.5452380952380952,2,0,0,0,0.0
2025-12-21 05:00:00,1465.0,1,0.5458333333333333,2,0,0,0,0.0
2025-12-21 06:00:00,1471.0,1,0.5464285714285714,2,0,0,0,0.0
2025-12-21 07:00:00,1424.0,1,0.5470238095238096,2,0,0,0,0.0
2025-12-21 08:00:00,1447.0,1,0.5476190476190477,2,0,0,0,0.0
2025-12-21 09:00:00,1506.0,1,0.5482142857142858,2,0,0,0,0.0
2025-12-21 10:00:00,1512.0,1,0.5488095238095239,2,0,0,0,0.0
2025-12-21 11:00:00,1512.0,1,0.549404761904762,2,0,0,0,0.0
2025-12-21 12:00:00,1512.0,1,0.55,2,0,0,0,0.0
2025-12-21 13:00:00,1512.0,1,0.5505952380952381,2,0,0,0,0.0
2025-12-21 14:00:00,1512.0,1,0.5511904761904762,2,0,0,0,0.0
2025-12-21 15:00:00,1512.0,1,0.5517857142857143,2,0,0,0,0.0
2025-12-21 16:00:00,1512.0,1,0.5523809523809524,2,0,0,0,0.0
2025-12-21 17:00:00,1506.0,1,0.5529761904761905,2,0,0,0,0.0
2025-12-21 18:00:00,1471.0,1,0.5535714285714286,2,0,0,0,0.0
2025-12-21 19:00:00,1442.0,1,0.5541666666666667,2,0,0,0,0.0
2025-12-21 20:00:00,1459.0,1,0.5547619047619048,2,0,0,0,0.0
2025-12-21 21:00:00,1488.0,1,0.5553571428571429,2,0,0,0,0.0
2025-12-21 22:00:00,1512.0,1,0.555952380952381,2,0,0,0,0.0
2025-12-21 23:00:00,1512.0,1,0.5565476190476191,2,0,0,0,0.0
2025-12-22 00:00:00,1488.0,0,0.5571428571428572,2,0,0,0,0.0
2025-12-22 01:00:00,1512.0,0,0.5577380952380953,2,0,0,0,0.0
2025-12-22 02:00:00,1512.0,0,0.5583333333333333,2,0,0,0,0.0
2025-12-22 03:00:00,1506.0,0,0.5589285714285714,2,0,0,0,0.0
2025-12-22 04:00:00,1488.0,0,0.5595238095238095,2,0,0,0,0.0
2025-12-22 05:00:00,1442.0,0,0.5601190476190476,2,0,0,0,0.0
2025-12-22 06:00:00,1372.0,0,0.5607142857142857,2,0,0,0,0.0
2025-12-22 07:00:00,1337.0,0,0.5613095238095238,2,0,0,0,0.0
2025-12-22 08:00:00,1395.0,0,0.5619047619047619,2,0,0,0,0.0
2025-12-22 09:00:00,1319.0,0,0.5625,2,0,0,0,0.0
2025-12-22 10:00:00,1348.0,0,0.5630952380952381,2,0,0,0,0.0
2025-12-22 11:00:00,1354.0,0,0.5636904761904762,2,0,0,0,0.0
2025-12-22 12:00:00,1377.0,0,0.5642857142857143,2,0,0,0,0.0
2025-12-22 13:00:00,1436.0,0,0.5648809523809524,2,0,0,0,0.0
2025-12-22 14:00:00,1442.0,0,0.5654761904761905,2,0,0,0,0.0
2025-12-22 15:00:00,1442.0,0,0.5660714285714286,2,0,0,0,0.0
2025-12-22 16:00:00,1442.0,0,0.5666666666666667,2,0,0,0,0.0
2025-12-22 17:00:00,1442.0,0,0.5672619047619047,2,0,0,0,0.0
2025-12-22 18:00:00,1442.0,0,0.5678571428571428,2,0,0,0,0.0
2025-12-22 19:00:00,1442.0,0,0.5684523809523809,2,0,0,0,0.0
2025-12-22 20:00:00,1459.0,0,0.569047619047619,2,0,0,0,0.0
2025-12-22 21:00:00,1512.0,0,0.5696428571428571,2,0,0,0,0.0
2025-12-22 22:00:00,1512.0,0,0.5702380952380952,2,0,0,0,0.0
2025-12-22 23:00:00,1506.0,0,0.5708333333333333,2,0,0,0,0.0
2025-12-23 00:00:00,1477.0,0,0.5714285714285714,2,0,0,0,0.0
2025-12-23 01:00:00,1465.0,0,0.5720238095238095,2,0,0,0,0.0
2025-12-23 02:00:00,1430.0,0,0.5726190476190476,2,0,0,0,0.0
2025-12-23 03:00:00,1389.0,0,0.5732142857142857,2,0,0,0,0.0
2025-12-23 04:00:00,1366.0,0,0.5738095238095238,2,0,0,0,0.0
2025-12-23 05:00:00,1354.0,0,0.5744047619047619,2,0,0,0,0.0
2025-12-23 06:00:00,1383.0,0,0.575,2,0,0,0,0.0
2025-12-23 07:00:00,1337.0,0,0.575595238095238,2,0,0,0,0.0
2025-12-23 08:00:00,1348.0,0,0.5761904761904761,2,0,0,0,0.0
2025-12-23 09:00:00,1360.0,0,0.5767857142857142,2,0,0,0,0.0
2025-12-23 10:00:00,1372.0,0,0.5773809523809523,2,0,0,0,0.0
2025-12-23 11:00:00,1372.0,0,0.5779761904761904,2,0,0,0,0.0
2025-12-23 12:00:00,1389.0,0,0.5785714285714286,2,0,0,0,0.0
2025-12-23 13:00:00,1418.0,0,0.5791666666666667,2,0,0,0,0.0
2025-12-23 14:00:00,1442.0,0,0.5797619047619048,2,0,0,0,0.0
2025-12-23 15:00:00,1459.0,0,0.5803571428571429,2,0,0,0,0.0
2025-12-23 16:00:00,1477.0,0,0.580952380952381,2,0,0,0,0.0
2025-12-23 17:00:00,1477.0,0,0.5815476190476191,2,0,0,0,0.0
2025-12-23 18:00:00,1477.0,0,0.5821428571428572,2,0,0,0,0.0
2025-12-23 19:00:00,1477.0,0,0.5827380952380953,2,0,0,0,0.0
2025-12-23 20:00:00,1482.0,0,0.5833333333333334,2,0,0,0,0.0
2025-12-23 21:00:00,1512.0,0,0.5839285714285715,2,0,0,0,0.0
2025-12-23 22:00:00,1512.0,0,0.5845238095238096,2,0,0,0,0.0
2025-12-23 23:00:00,1512.0,0,0.5851190476190476,2,0,0,0,0.0
2025-12-24 00:00:00,1477.0,0,0.5857142857142857,2,0,0,0,0.0
2025-12-24 01:00:00,1477.0,0,0.5863095238095238,2,0,0,0,0.0
2025-12-24 02:00:00,1477.0,0,0.5869047619047619,2,0,0,0,0.0
2025-12-24 03:00:00,1465.0,0,0.5875,2,0,0,0,0.0
2025-12-24 04:00:00,1465.0,0,0.5880952380952381,2,0,0,0,0.0
2025-12-24 05:00:00,1459.0,0,0.5886904761904762,2,0,0,0,0.0
2025-12-24 06:00:00,1447.0,0,0.5892857142857143,2,0,0,0,0.0
2025-12-24 07:00:00,1401.0,0,0.5898809523809524,2,0,0,0,0.0
2025-12-24 08:00:00,1407.0,0,0.5904761904761905,2,0,0,0,0.0
2025-12-24 09:00:00,1407.0,0,0.5910714285714286,2,0,0,0,0.0
2025-12-24 10:00:00,1400.0,0,0.5916666666666667,2,0,0,0,0.0
2025-12-24 11:00:00,1407.0,0,0.5922619047619048,2,0,0,0,0.0
2025-12-24 12:00:00,1428.0,0,0.5928571428571429,2,0,0,0,0.0
2025-12-24 13:00:00,1500.0,0,0.593452380952381,2,0,0,0,0.0
2025-12-24 14:00:00,1463.0,0,0.594047619047619,2,0,0,0,0.0
2025-12-24 15:00:00,1512.0,0,0.5946428571428571,2,0,0,0,0.0
2025-12-24 16:00:00,1512.0,0,0.5952380952380952,2,0,0,0,0.0
2025-12-24 17:00:00,1512.0,0,0.5958333333333333,2,0,0,0,0.0
2025-12-24 18:00:00,1500.0,0,0.5964285714285714,2,0,0,0,0.0
2025-12-24 19:00:00,1506.0,0,0.5970238095238095,2,0,0,0,0.0
2025-12-24 20:00:00,1512.0,0,0.5976190476190476,2,0,0,0,0.0
2025-12-24 21:00:00,1587.0,0,0.5982142857142857,2,0,0,0,0.0
2025-12-24 22:00:00,1646.0,0,0.5988095238095238,2,0,0,0,0.0
2025-12-24 23:00:00,1652.0,0,0.5994047619047619,2,0,0,0,0.0
2025-12-25 00:00:00,1570.0,0,0.6,2,0,0,0,0.0
2025-12-25 01:00:00,1547.0,0,0.6005952380952381,2,0,0,0,0.0
2025-12-25 02:00:00,1547.0,0,0.6011904761904762,2,0,0,0,0.0
2025-12-25 03:00:00,1541.0,0,0.6017857142857143,2,0,0,0,0.0
2025-12-25 04:00:00,1535.0,0,0.6023809523809524,2,0,0,0,0.0
2025-12-25 05:00:00,1576.0,0,0.6029761904761904,2,0,0,0,0.0
2025-12-25 06:00:00,1558.0,0,0.6035714285714285,2,0,0,0,0.0
2025-12-25 07:00:00,1547.0,0,0.6041666666666666,2,0,0,0,0.0
2025-12-25 08:00:00,1442.0,0,0.6047619047619047,2,0,0,0,0.0
2025-12-25 09:00:00,1436.0,0,0.6053571428571428,2,0,0,0,0.0
2025-12-25 10:00:00,1436.0,0,0.6059523809523809,2,0,0,0,0.0
2025-12-25 11:00:00,1436.0,0,0.606547619047619,2,0,0,0,0.0
2025-12-25 12:00:00,1506.0,0,0.6071428571428571,2,0,0,0,0.0
2025-12-25 13:00:00,1605.0,0,0.6077380952380952,2,0,0,0,0.0
2025-12-25 14:00:00,1544.5,0,0.6083333333333333,2,0,0,0,0.0
2025-12-25 15:00:00,1484.0,0,0.6089285714285714,2,0,0,0,0.0
2025-12-25 16:00:00,1522.6666666666667,0,0.6095238095238096,2,0,0,0,0.0
2025-12-25 17:00:00,1561.3333333333333,0,0.6101190476190477,2,0,0,0,0.0
2025-12-25 18:00:00,1600.0,0,0.6107142857142858,2,0,0,0,0.0
2025-12-25 19:00:00,1589.6666666666667,0,0.6113095238095239,2,0,0,0,0.0
2025-12-25 20:00:00,1579.3333333333333,0,0.611904761904762,2,0,0,0,0.0
2025-12-25 21:00:00,1569.0,0,0.6125,2,0,0,0,0.0
2025-12-25 22:00:00,1582.0,0,0.6130952380952381,2,0,0,0,0.0
2025-12-25 23:00:00,1595.0,0,0.6136904761904762,2,0,0,0,0.0
2025-12-26 00:00:00,1608.0,0,0.6142857142857143,2,0,0,0,0.0
2025-12-26 01:00:00,1567.0,0,0.6148809523809524,2,0,0,0,0.0
2025-12-26 02:00:00,1526.0,0,0.6154761904761905,2,0,0,0,0.0
2025-12-26 03:00:00,1485.0,0,0.6160714285714286,2,0,0,0,0.0
2025-12-26 04:00:00,1471.0,0,0.6166666666666667,2,0,0,0,0.0
2025-12-26 05:00:00,1457.0,0,0.6172619047619048,2,0,0,0,0.0
2025-12-26 06:00:00,1443.0,0,0.6178571428571429,2,0,0,0,0.0
2025-12-26 07:00:00,1411.6666666666667,0,0.618452380952381,2,0,0,0,0.0
2025-12-26 08:00:00,1380.3333333333333,0,0.6190476190476191,2,0,0,0,0.0
2025-12-26 09:00:00,1349.0,0,0.6196428571428572,2,0,0,0,0.0
2025-12-26 10:00:00,1361.0,0,0.6202380952380953,2,0,0,0,0.0
2025-12-26 11:00:00,1373.0,0,0.6208333333333333,2,0,0,0,0.0
2025-12-26 12:00:00,1385.0,0,0.6214285714285714,2,0,0,0,0.0
2025-12-26 13:00:00,1390.6666666666667,0,0.6220238095238095,2,0,0,0,0.0
2025-12-26 14:00:00,1396.3333333333333,0,0.6226190476190476,2,0,0,0,0.0
2025-12-26 15:00:00,1402.0,0,0.6232142857142857,2,0,0,0,0.0
2025-12-26 16:00:00,1439.3333333333333,0,0.6238095238095238,2,0,0,0,0.0
2025-12-26 17:00:00,1476.6666666666667,0,0.6244047619047619,2,0,0,0,0.0
2025-12-26 18:00:00,1514.0,0,0.625,2,0,0,0,0.0
2025-12-26 19:00:00,1521.3333333333333,0,0.6255952380952381,2,0,0,0,0.0
2025-12-26 20:00:00,1528.6666666666667,0,0.6261904761904762,2,0,0,0,0.0
2025-12-26 21:00:00,1536.0,0,0.6267857142857143,2,0,0,0,0.0
2025-12-26 22:00:00,1548.0,0,0.6273809523809524,2,0,0,0,0.0
2025-12-26 23:00:00,1560.0,0,0.6279761904761905,2,0,0,0,0.0
2025-12-27 00:00:00,1572.0,1,0.6285714285714286,2,0,0,0,0.0
2025-12-27 01:00:00,1549.0,1,0.6291666666666667,2,0,0,0,0.0
2025-12-27 02:00:00,1526.0,1,0.6297619047619047,2,0,0,0,0.0
2025-12-27 03:00:00,1503.0,1,0.6303571428571428,2,0,0,0,0.0
2025-12-27 04:00:00,1514.0,1,0.6309523809523809,2,0,0,0,0.0
2025-12-27 05:00:00,1525.0,1,0.631547619047619,2,0,0,0,0.0
2025-12-27 06:00:00,1536.0,1,0.6321428571428571,2,0,0,0,0.0
2025-12-27 07:00:00,1501.0,1,0.6327380952380952,2,0,0,0,0.0
2025-12-27 08:00:00,1466.0,1,0.6333333333333333,2,0,0,0,0.0
2025-12-27 09:00:00,1431.0,1,0.6339285714285714,2,0,0,0,0.0
2025-12-27 10:00:00,1467.6666666666667,1,0.6345238095238095,2,0,0,0,0.0
2025-12-27 11:00:00,1504.3333333333333,1,0.6351190476190476,2,0,0,0,0.0
2025-12-27 12:00:00,1541.0,1,0.6357142857142857,2,0,0,0,0.0
2025-12-27 13:00:00,1546.6666666666667,1,0.6363095238095238,2,0,0,0,0.0
2025-12-27 14:00:00,1552.3333333333333,1,0.6369047619047619,2,0,0,0,0.0
2025-12-27 15:00:00,1558.0,1,0.6375,2,0,0,0,0.0
2025-12-27 16:00:00,1563.6666666666667,1,0.638095238095238,2,0,0,0,0.0
2025-12-27 17:00:00,1569.3333333333333,1,0.6386904761904761,2,0,0,0,0.0
2025-12-27 18:00:00,1575.0,1,0.6392857142857142,2,0,0,0,0.0
2025-12-27 19:00:00,1553.6666666666667,1,0.6398809523809523,2,0,0,0,0.0
2025-12-27 20:00:00,1532.3333333333333,1,0.6404761904761904,2,0,0,0,0.0
2025-12-27 21:00:00,1511.0,1,0.6410714285714286,2,0,0,0,0.0
2025-12-27 22:00:00,1508.5,1,0.6416666666666667,2,0,0,0,0.0
2025-12-27 23:00:00,1506.0,1,0.6422619047619048,2,0,0,0,0.0
2025-12-28 00:00:00,1503.5,1,0.6428571428571429,2,0,0,0,0.0
2025-12-28 01:00:00,1501.0,1,0.643452380952381,2,0,0,0,0.0
2025-12-28 02:00:00,1498.5,1,0.6440476190476191,2,0,0,0,0.0
2025-12-28 03:00:00,1496.0,1,0.6446428571428572,2,0,0,0,0.0
2025-12-28 04:00:00,1508.3333333333333,1,0.6452380952380953,2,0,0,0,0.0
2025-12-28 05:00:00,1520.6666666666667,1,0.6458333333333334,2,0,0,0,0.0
2025-12-28 06:00:00,1533.0,1,0.6464285714285715,2,0,0,0,0.0
2025-12-28 07:00:00,1525.6666666666667,1,0.6470238095238096,2,0,0,0,0.0
2025-12-28 08:00:00,1518.3333333333333,1,0.6476190476190476,2,0,0,0,0.0
2025-12-28 09:00:00,1511.0,1,0.6482142857142857,2,0,0,0,0.0
2025-12-28 10:00:00,1514.6666666666667,1,0.6488095238095238,2,0,0,0,0.0
2025-12-28 11:00:00,1518.3333333333333,1,0.6494047619047619,2,0,0,0,0.0
2025-12-28 12:00:00,1522.0,1,0.65,2,0,0,0,0.0
2025-12-28 13:00:00,1527.3333333333333,1,0.6505952380952381,2,0,0,0,0.0
2025-12-28 14:00:00,1532.6666666666667,1,0.6511904761904762,2,0,0,0,0.0
2025-12-28 15:00:00,1538.0,1,0.6517857142857143,2,0,0,0,0.0
2025-12-28 16:00:00,1550.0,1,0.6523809523809524,2,0,0,0,0.0
2025-12-28 17:00:00,1562.0,1,0.6529761904761905,2,0,0,0,0.0
2025-12-28 18:00:00,1574.0,1,0.6535714285714286,2,0,0,0,0.0
2025-12-28 19:00:00,1555.3333333333333,1,0.6541666666666667,2,0,0,0,0.0
2025-12-28 20:00:00,1536.6666666666667,1,0.6547619047619048,2,0,0,0,0.0
2025-12-28 21:00:00,1518.0,1,0.6553571428571429,2,0,0,0,0.0
2025-12-28 22:00:00,1522.6666666666667,1,0.655952380952381,2,0,0,0,0.0
2025-12-28 23:00:00,1527.3333333333333,1,0.656547619047619,2,0,0,0,0.0
2025-12-29 00:00:00,1532.0,0,0.6571428571428571,2,0,0,0,0.0
2025-12-29 01:00:00,1523.6666666666667,0,0.6577380952380952,2,0,0,0,0.0
2025-12-29 02:00:00,1515.3333333333333,0,0.6583333333333333,2,0,0,0,0.0
2025-12-29 03:00:00,1507.0,0,0.6589285714285714,2,0,0,0,0.0
2025-12-29 04:00:00,1516.0,0,0.6595238095238095,2,0,0,0,0.0
2025-12-29 05:00:00,1525.0,0,0.6601190476190476,2,0,0,0,0.0
2025-12-29 06:00:00,1534.0,0,0.6607142857142857,2,0,0,0,0.0
2025-12-29 07:00:00,1504.0,0,0.6613095238095238,2,0,0,0,0.0
2025-12-29 08:00:00,1474.0,0,0.6619047619047619,2,0,0,0,0.0
2025-12-29 09:00:00,1444.0,0,0.6625,2,0,0,0,0.0
2025-12-29 10:00:00,1421.3333333333333,0,0.6630952380952381,2,0,0,0,0.0
2025-12-29 11:00:00,1398.6666666666667,0,0.6636904761904762,2,0,0,0,0.0
2025-12-29 12:00:00,1376.0,0,0.6642857142857143,2,0,0,0,0.0
2025-12-29 13:00:00,1403.5,0,0.6648809523809524,2,0,0,0,0.0
2025-12-29 14:00:00,1431.0,0,0.6654761904761904,2,0,0,0,0.0
2025-12-29 15:00:00,1458.5,0,0.6660714285714285,2,0,0,0,0.0
2025-12-29 16:00:00,1486.0,0,0.6666666666666666,2,0,0,0,0.0
2025-12-29 17:00:00,1513.5,0,0.6672619047619047,2,0,0,0,0.0
2025-12-29 18:00:00,1541.0,0,0.6678571428571428,2,0,0,0,0.0
2025-12-29 19:00:00,1544.6666666666667,0,0.6684523809523809,2,0,0,0,0.0
2025-12-29 20:00:00,1548.3333333333333,0,0.669047619047619,2,0,0,0,0.0
2025-12-29 21:00:00,1552.0,0,0.6696428571428571,2,0,0,0,0.0
2025-12-29 22:00:00,1559.0,0,0.6702380952380952,2,0,0,0,0.0
2025-12-29 23:00:00,1566.0,0,0.6708333333333333,2,0,0,0,0.0
2025-12-30 00:00:00,1573.0,0,0.6714285714285714,2,0,0,0,0.0
2025-12-30 01:00:00,1540.3333333333333,0,0.6720238095238096,2,0,0,0,0.0
2025-12-30 02:00:00,1507.6666666666667,0,0.6726190476190477,2,0,0,0,0.0
2025-12-30 03:00:00,1475.0,0,0.6732142857142858,2,0,0,0,0.0
2025-12-30 04:00:00,1450.3333333333333,0,0.6738095238095239,2,0,0,0,0.0
2025-12-30 05:00:00,1425.6666666666667,0,0.674404761904762,2,0,0,0,0.0
2025-12-30 06:00:00,1401.0,0,0.675,2,0,0,0,0.0
2025-12-30 07:00:00,1401.8333333333333,0,0.6755952380952381,2,0,0,0,0.0
2025-12-30 08:00:00,1402.6666666666667,0,0.6761904761904762,2,0,0,0,0.0
2025-12-30 09:00:00,1403.5,0,0.6767857142857143,2,0,0,0,0.0
2025-12-30 10:00:00,1404.3333333333333,0,0.6773809523809524,2,0,0,0,0.0
2025-12-30 11:00:00,1405.1666666666667,0,0.6779761904761905,2,0,0,0,0.0
2025-12-30 12:00:00,1406.0,0,0.6785714285714286,2,0,0,0,0.0
2025-12-30 13:00:00,1416.3333333333333,0,0.6791666666666667,2,0,0,0,0.0
2025-12-30 14:00:00,1426.6666666666667,0,0.6797619047619048,2,0,0,0,0.0
2025-12-30 15:00:00,1437.0,0,0.6803571428571429,2,0,0,0,0.0
2025-12-30 16:00:00,1475.6666666666667,0,0.680952380952381,2,0,0,0,0.0
2025-12-30 17:00:00,1514.3333333333333,0,0.6815476190476191,2,0,0,0,0.0
2025-12-30 18:00:00,1553.0,0,0.6821428571428572,2,0,0,0,0.0
2025-12-30 19:00:00,1558.0,0,0.6827380952380953,2,0,0,0,0.0
2025-12-30 20:00:00,1563.0,0,0.6833333333333333,2,0,0,0,0.0
2025-12-30 21:00:00,1568.0,0,0.6839285714285714,2,0,0,0,0.0
2025-12-30 22:00:00,1569.6666666666667,0,0.6845238095238095,2,0,0,0,0.0
2025-12-30 23:00:00,1571.3333333333333,0,0.6851190476190476,2,0,0,0,0.0
2025-12-31 00:00:00,1573.0,0,0.6857142857142857,2,0,0,0,0.0
2025-12-31 01:00:00,1557.6666666666667,0,0.6863095238095238,2,0,0,0,0.0
2025-12-31 02:00:00,1542.3333333333333,0,0.6869047619047619,2,0,0,0,0.0
2025-12-31 03:00:00,1527.0,0,0.6875,2,0,0,0,0.0
2025-12-31 04:00:00,1517.6666666666667,0,0.6880952380952381,2,0,0,0,0.0
2025-12-31 05:00:00,1508.3333333333333,0,0.6886904761904762,2,0,0,0,0.0
2025-12-31 06:00:00,1499.0,0,0.6892857142857143,2,0,0,0,0.0
2025-12-31 07:00:00,1480.3333333333333,0,0.6898809523809524,2,0,0,0,0.0
2025-12-31 08:00:00,1461.6666666666667,0,0.6904761904761905,2,0,0,0,0.0
2025-12-31 09:00:00,1443.0,0,0.6910714285714286,2,0,0,0,0.0
2025-12-31 10:00:00,1452.3333333333333,0,0.6916666666666667,2,0,0,0,0.0
2025-12-31 11:00:00,1461.6666666666667,0,0.6922619047619047,2,0,0,0,0.0
2025-12-31 12:00:00,1471.0,0,0.6928571428571428,2,0,0,0,0.0
2025-12-31 13:00:00,1479.3333333333333,0,0.6934523809523809,2,0,0,0,0.0
2025-12-31 14:00:00,1487.6666666666667,0,0.694047619047619,2,0,0,0,0.0
2025-12-31 15:00:00,1496.0,0,0.6946428571428571,2,0,0,0,0.0
2025-12-31 16:00:00,1522.0,0,0.6952380952380952,2,0,0,0,0.0
2025-12-31 17:00:00,1548.0,0,0.6958333333333333,2,0,0,0,0.0
2025-12-31 18:00:00,1574.0,0,0.6964285714285714,2,0,0,0,0.0
2025-12-31 19:00:00,1572.3333333333333,0,0.6970238095238095,2,0,0,0,0.0
2025-12-31 20:00:00,1570.6666666666667,0,0.6976190476190476,2,0,0,0,0.0
2025-12-31 21:00:00,1569.0,0,0.6982142857142857,2,0,0,0,0.0
2025-12-31 22:00:00,1571.3333333333333,0,0.6988095238095238,2,0,0,0,0.0
2025-12-31 23:00:00,1573.6666666666667,0,0.6994047619047619,2,0,0,0,0.0
2026-01-01 00:00:00,1576.0,1,0.7,2,0,0,0,0.0
2026-01-01 01:00:00,1562.6666666666667,1,0.700595238095238,2,0,0,0,0.0
2026-01-01 02:00:00,1549.3333333333333,1,0.7011904761904761,2,0,0,0,0.0
2026-01-01 03:00:00,1536.0,1,0.7017857142857142,2,0,0,0,0.0
2026-01-01 04:00:00,1535.6666666666667,1,0.7023809523809523,2,0,0,0,0.0
2026-01-01 05:00:00,1535.3333333333333,1,0.7029761904761904,2,0,0,0,0.0
2026-01-01 06:00:00,1535.0,1,0.7035714285714286,2,0,0,0,0.0
2026-01-01 07:00:00,1510.6666666666667,1,0.7041666666666667,2,0,0,0,0.0
2026-01-01 08:00:00,1486.3333333333333,1,0.7047619047619048,2,0,0,0,0.0
2026-01-01 09:00:00,1462.0,1,0.7053571428571429,2,0,0,0,0.0
2026-01-01 10:00:00,1496.0,1,0.705952380952381,2,0,0,0,0.0
2026-01-01 11:00:00,1530.0,1,0.7065476190476191,2,0,0,0,0.0
2026-01-01 12:00:00,1564.0,1,0.7071428571428572,2,0,0,0,0.0
2026-01-01 13:00:00,1564.6666666666667,1,0.7077380952380953,2,0,0,0,0.0
2026-01-01 14:00:00,1565.3333333333333,1,0.7083333333333334,2,0,0,0,0.0
2026-01-01 15:00:00,1566.0,1,0.7089285714285715,2,0,0,0,0.0
2026-01-01 16:00:00,1602.3333333333333,1,0.7095238095238096,2,0,0,0,0.0
2026-01-01 17:00:00,1638.6666666666667,1,0.7101190476190476,2,0,0,0,0.0
2026-01-01 18:00:00,1675.0,1,0.7107142857142857,2,0,0,0,0.0
2026-01-01 19:00:00,1642.3333333333333,1,0.7113095238095238,2,0,0,0,0.0
2026-01-01 20:00:00,1609.6666666666667,1,0.7119047619047619,2,0,0,0,0.0
2026-01-01 21:00:00,1577.0,1,0.7125,2,0,0,0,0.0
2026-01-01 22:00:00,1605.6666666666667,1,0.7130952380952381,2,0,0,0,0.0
2026-01-01 23:00:00,1634.3333333333333,1,0.7136904761904762,2,0,0,0,0.0
2026-01-02 00:00:00,1663.0,1,0.7142857142857143,2,0,0,0,0.0
2026-01-02 01:00:00,1625.6666666666667,1,0.7148809523809524,2,0,0,0,0.0
2026-01-02 02:00:00,1588.3333333333333,1,0.7154761904761905,2,0,0,0,0.0
2026-01-02 03:00:00,1551.0,1,0.7160714285714286,2,0,0,0,0.0
2026-01-02 04:00:00,1556.0,1,0.7166666666666667,2,0,0,0,0.0
2026-01-02 05:00:00,1561.0,1,0.7172619047619048,2,0,0,0,0.0
2026-01-02 06:00:00,1566.0,1,0.7178571428571429,2,0,0,0,0.0
2026-01-02 07:00:00,1552.6666666666667,1,0.718452380952381,2,0,0,0,0.0
2026-01-02 08:00:00,1539.3333333333333,1,0.719047619047619,2,0,0,0,0.0
2026-01-02 09:00:00,1526.0,1,0.7196428571428571,2,0,0,0,0.0
2026-01-02 10:00:00,1540.0,1,0.7202380952380952,2,0,0,0,0.0
2026-01-02 11:00:00,1554.0,1,0.7208333333333333,2,0,0,0,0.0
2026-01-02 12:00:00,1568.0,1,0.7214285714285714,2,0,0,0,0.0
2026-01-02 13:00:00,1581.0,1,0.7220238095238095,2,0,0,0,0.0
2026-01-02 14:00:00,1594.0,1,0.7226190476190476,2,0,0,0,0.0
2026-01-02 15:00:00,1607.0,1,0.7232142857142857,2,0,0,0,0.0
2026-01-02 16:00:00,1632.3333333333333,1,0.7238095238095238,2,0,0,0,0.0
2026-01-02 17:00:00,1657.6666666666667,1,0.7244047619047619,2,0,0,0,0.0
2026-01-02 18:00:00,1683.0,1,0.725,2,0,0,0,0.0
2026-01-02 19:00:00,1669.6666666666667,1,0.7255952380952381,2,0,0,0,0.0
2026-01-02 20:00:00,1656.3333333333333,1,0.7261904761904762,2,0,0,0,0.0
2026-01-02 21:00:00,1643.0,1,0.7267857142857143,2,0,0,0,0.0
2026-01-02 22:00:00,1656.6666666666667,1,0.7273809523809524,2,0,0,0,0.0
2026-01-02 23:00:00,1670.3333333333333,1,0.7279761904761904,2,0,0,0,0.0
2026-01-03 00:00:00,1684.0,1,0.7285714285714285,2,0,0,0,0.0
2026-01-03 01:00:00,1642.6666666666667,1,0.7291666666666666,2,0,0,0,0.0
2026-01-03 02:00:00,1601.3333333333333,1,0.7297619047619047,2,0,0,0,0.0
2026-01-03 03:00:00,1560.0,1,0.7303571428571428,2,0,0,0,0.0
2026-01-03 04:00:00,1564.3333333333333,1,0.7309523809523809,2,0,0,0,0.0
2026-01-03 05:00:00,1568.6666666666667,1,0.731547619047619,2,0,0,0,0.0
2026-01-03 06:00:00,1573.0,1,0.7321428571428571,2,0,0,0,0.0
2026-01-03 07:00:00,1574.3333333333333,1,0.7327380952380952,2,0,0,0,0.0
2026-01-03 08:00:00,1575.6666666666667,1,0.7333333333333333,2,0,0,0,0.0
2026-01-03 09:00:00,1577.0,1,0.7339285714285714,2,0,0,0,0.0
2026-01-03 10:00:00,1586.0,1,0.7345238095238096,2,0,0,0,0.0
2026-01-03 11:00:00,1595.0,1,0.7351190476190477,2,0,0,0,0.0
2026-01-03 12:00:00,1604.0,1,0.7357142857142858,2,0,0,0,0.0
2026-01-03 13:00:00,1617.3333333333333,1,0.7363095238095239,2,0,0,0,0.0
2026-01-03 14:00:00,1630.6666666666667,1,0.736904761904762,2,0,0,0,0.0
2026-01-03 15:00:00,1644.0,1,0.7375,2,0,0,0,0.0
2026-01-03 16:00:00,1657.6666666666667,1,0.7380952380952381,2,0,0,0,0.0
2026-01-03 17:00:00,1671.3333333333333,1,0.7386904761904762,2,0,0,0,0.0
2026-01-03 18:00:00,1685.0,1,0.7392857142857143,2,0,0,0,0.0
2026-01-03 19:00:00,1675.6666666666667,1,0.7398809523809524,2,0,0,0,0.0
2026-01-03 20:00:00,1666.3333333333333,1,0.7404761904761905,2,0,0,0,0.0
2026-01-03 21:00:00,1657.0,1,0.7410714285714286,2,0,0,0,0.0
2026-01-03 22:00:00,1665.6666666666667,1,0.7416666666666667,2,0,0,0,0.0
2026-01-03 23:00:00,1674.3333333333333,1,0.7422619047619048,2,0,0,0,0.0
2026-01-04 00:00:00,1683.0,0,0.7428571428571429,2,0,0,0,0.0
2026-01-04 01:00:00,1632.6666666666667,0,0.743452380952381,2,0,0,0,0.0
2026-01-04 02:00:00,1582.3333333333333,0,0.7440476190476191,2,0,0,0,0.0
2026-01-04 03:00:00,1532.0,0,0.7446428571428572,2,0,0,0,0.0
2026-01-04 04:00:00,1544.3333333333333,0,0.7452380952380953,2,0,0,0,0.0
2026-01-04 05:00:00,1556.6666666666667,0,0.7458333333333333,2,0,0,0,0.0
2026-01-04 06:00:00,1569.0,0,0.7464285714285714,2,0,0,0,0.0
2026-01-04 07:00:00,1561.3333333333333,0,0.7470238095238095,2,0,0,0,0.0
2026-01-04 08:00:00,1553.6666666666667,0,0.7476190476190476,2,0,0,0,0.0
2026-01-04 09:00:00,1546.0,0,0.7482142857142857,2,0,0,0,0.0
2026-01-04 10:00:00,1507.6666666666667,0,0.7488095238095238,2,0,0,0,0.0
2026-01-04 11:00:00,1469.3333333333333,0,0.7494047619047619,2,0,0,0,0.0
2026-01-04 12:00:00,1431.0,0,0.75,2,0,0,0,0.0
2026-01-04 13:00:00,1444.0,0,0.7505952380952381,2,0,0,0,0.0
2026-01-04 14:00:00,1457.0,0,0.7511904761904762,2,0,0,0,0.0
2026-01-04 15:00:00,1470.0,0,0.7517857142857143,2,0,0,0,0.0
2026-01-04 16:00:00,1526.0,0,0.7523809523809524,2,0,0,0,0.0
2026-01-04 17:00:00,1582.0,0,0.7529761904761905,2,0,0,0,0.0
2026-01-04 18:00:00,1638.0,0,0.7535714285714286,2,0,0,0,0.0
2026-01-04 19:00:00,1643.6666666666667,0,0.7541666666666667,2,0,0,0,0.0
2026-01-04 20:00:00,1649.3333333333333,0,0.7547619047619047,2,0,0,0,0.0
2026-01-04 21:00:00,1655.0,0,0.7553571428571428,2,0,0,0,0.0
2026-01-04 22:00:00,1670.3333333333333,0,0.7559523809523809,2,0,0,0,0.0
2026-01-04 23:00:00,1685.6666666666667,0,0.756547619047619,2,0,0,0,0.0
2026-01-05 00:00:00,1701.0,0,0.7571428571428571,2,0,0,0,0.0
2026-01-05 01:00:00,1663.0,0,0.7577380952380952,2,0,0,0,0.0
2026-01-05 02:00:00,1625.0,0,0.7583333333333333,2,0,0,0,0.0
2026-01-05 03:00:00,1587.0,0,0.7589285714285714,2,0,0,0,0.0
2026-01-05 04:00:00,1601.3333333333333,0,0.7595238095238095,2,0,0,0,0.0
2026-01-05 05:00:00,1615.6666666666667,0,0.7601190476190476,2,0,0,0,0.0
2026-01-05 06:00:00,1630.0,0,0.7607142857142857,2,0,0,0,0.0
2026-01-05 07:00:00,1590.0,0,0.7613095238095238,2,0,0,0,0.0
2026-01-05 08:00:00,1550.0,0,0.7619047619047619,2,0,0,0,0.0
2026-01-05 09:00:00,1510.0,0,0.7625,2,0,0,0,0.0
2026-01-05 10:00:00,1491.6666666666667,0,0.763095238095238,2,0,0,0,0.0
2026-01-05 11:00:00,1473.3333333333333,0,0.7636904761904761,2,0,0,0,0.0
2026-01-05 12:00:00,1455.0,0,0.7642857142857142,2,0,0,0,0.0
2026-01-05 13:00:00,1461.3333333333333,0,0.7648809523809523,2,0,0,0,0.0
2026-01-05 14:00:00,1467.6666666666667,0,0.7654761904761904,2,0,0,0,0.0
2026-01-05 15:00:00,1474.0,0,0.7660714285714286,2,0,0,0,0.0
2026-01-05 16:00:00,1548.0,0,0.7666666666666667,2,0,0,0,0.0
2026-01-05 17:00:00,1622.0,0,0.7672619047619048,2,0,0,0,0.0
2026-01-05 18:00:00,1696.0,0,0.7678571428571429,2,0,0,0,0.0
2026-01-05 19:00:00,1680.0,0,0.768452380952381,2,0,0,0,0.0
2026-01-05 20:00:00,1664.0,0,0.7690476190476191,2,0,0,0,0.0
2026-01-05 21:00:00,1648.0,0,0.7696428571428572,2,0,0,0,0.0
2026-01-05 22:00:00,1671.3333333333333,0,0.7702380952380953,2,0,0,0,0.0
2026-01-05 23:00:00,1694.6666666666667,0,0.7708333333333334,2,0,0,0,0.0
2026-01-06 00:00:00,1718.0,0,0.7714285714285715,2,0,0,0,0.0
2026-01-06 01:00:00,1659.3333333333333,0,0.7720238095238096,2,0,0,0,0.0
2026-01-06 02:00:00,1600.6666666666667,0,0.7726190476190476,2,0,0,0,0.0
2026-01-06 03:00:00,1542.0,0,0.7732142857142857,2,0,0,0,0.0
2026-01-06 04:00:00,1536.0,0,0.7738095238095238,2,0,0,0,0.0
2026-01-06 05:00:00,1530.0,0,0.7744047619047619,2,0,0,0,0.0
2026-01-06 06:00:00,1524.0,0,0.775,2,0,0,0,0.0
2026-01-06 07:00:00,1513.6666666666667,0,0.7755952380952381,2,0,0,0,0.0
2026-01-06 08:00:00,1503.3333333333333,0,0.7761904761904762,2,0,0,0,0.0
2026-01-06 09:00:00,1493.0,0,0.7767857142857143,2,0,0,0,0.0
2026-01-06 10:00:00,1479.0,0,0.7773809523809524,2,0,0,0,0.0
2026-01-06 11:00:00,1465.0,0,0.7779761904761905,2,0,0,0,0.0
2026-01-06 12:00:00,1462.0,0,0.7785714285714286,2,0,0,0,0.0
2026-01-06 13:00:00,1486.0,0,0.7791666666666667,2,0,0,0,0.0
2026-01-06 14:00:00,1497.0,0,0.7797619047619048,2,0,0,0,0.0
2026-01-06 15:00:00,1497.0,0,0.7803571428571429,2,0,0,0,0.0
2026-01-06 16:00:00,1553.0,0,0.780952380952381,2,0,0,0,0.0
2026-01-06 17:00:00,1574.0,0,0.781547619047619,2,0,0,0,0.0
2026-01-06 18:00:00,1583.0,0,0.7821428571428571,2,0,0,0,0.0
2026-01-06 19:00:00,1623.0,0,0.7827380952380952,2,0,0,0,0.0
2026-01-06 20:00:00,1642.0,0,0.7833333333333333,2,0,0,0,0.0
2026-01-06 21:00:00,1638.0,0,0.7839285714285714,2,0,0,0,0.0
2026-01-06 22:00:00,1643.0,0,0.7845238095238095,2,0,0,0,0.0
2026-01-06 23:00:00,1669.0,0,0.7851190476190476,2,0,0,0,0.0
2026-01-07 00:00:00,1684.0,0,0.7857142857142857,2,0,0,0,0.0
2026-01-07 01:00:00,1683.0,0,0.7863095238095238,2,0,0,0,0.0
2026-01-07 02:00:00,1677.0,0,0.7869047619047619,2,0,0,0,0.0
2026-01-07 03:00:00,1543.0,0,0.7875,2,0,0,0,0.0
2026-01-07 04:00:00,1550.0,0,0.7880952380952381,2,0,0,0,0.0
2026-01-07 05:00:00,1567.0,0,0.7886904761904762,2,0,0,0,0.0
2026-01-07 06:00:00,1567.0,0,0.7892857142857143,2,0,0,0,0.0
2026-01-07 07:00:00,1568.0,0,0.7898809523809524,2,0,0,0,0.0
2026-01-07 08:00:00,1561.0,0,0.7904761904761904,2,0,0,0,0.0
2026-01-07 09:00:00,1542.0,0,0.7910714285714285,2,0,0,0,0.0
2026-01-07 10:00:00,1461.0,0,0.7916666666666666,2,0,0,0,0.0
2026-01-07 11:00:00,1461.0,0,0.7922619047619047,2,0,0,0,0.0
2026-01-07 12:00:00,1468.0,0,0.7928571428571428,2,0,0,0,0.0
2026-01-07 13:00:00,1470.0,0,0.7934523809523809,2,0,0,0,0.0
2026-01-07 14:00:00,1501.0,0,0.794047619047619,2,0,0,0,0.0
2026-01-07 15:00:00,1551.0,0,0.7946428571428571,2,0,0,0,0.0
2026-01-07 16:00:00,1603.0,0,0.7952380952380952,2,0,0,0,0.0
2026-01-07 17:00:00,1619.0,0,0.7958333333333333,2,0,0,0,0.0
2026-01-07 18:00:00,1657.0,0,0.7964285714285714,2,0,0,0,0.0
2026-01-07 19:00:00,1684.0,0,0.7970238095238096,2,0,0,0,0.0
2026-01-07 20:00:00,1681.0,0,0.7976190476190477,2,0,0,0,0.0
2026-01-07 21:00:00,1642.0,0,0.7982142857142858,2,0,0,0,0.0
2026-01-07 22:00:00,1664.0,0,0.7988095238095239,2,0,0,0,0.0
2026-01-07 23:00:00,1684.0,0,0.799404761904762,2,0,0,0,0.0
2026-01-08 00:00:00,1693.0,0,0.8,2,0,0,0,0.0
2026-01-08 01:00:00,1718.0,0,0.8005952380952381,2,0,0,0,0.0
2026-01-08 02:00:00,1705.0,0,0.8011904761904762,2,0,0,0,0.0
2026-01-08 03:00:00,1588.0,0,0.8017857142857143,2,0,0,0,0.0
2026-01-08 04:00:00,1573.0,0,0.8023809523809524,2,0,0,0,0.0
2026-01-08 05:00:00,1603.0,0,0.8029761904761905,2,0,0,0,0.0
2026-01-08 06:00:00,1602.0,0,0.8035714285714286,2,0,0,0,0.0
2026-01-08 07:00:00,1603.0,0,0.8041666666666667,2,0,0,0,0.0
2026-01-08 08:00:00,1602.0,0,0.8047619047619048,2,0,0,0,0.0
2026-01-08 09:00:00,1587.0,0,0.8053571428571429,2,0,0,0,0.0
2026-01-08 10:00:00,1506.0,0,0.805952380952381,2,0,0,0,0.0
2026-01-08 11:00:00,1523.5,0,0.8065476190476191,2,0,0,0,0.0
2026-01-08 12:00:00,1541.0,0,0.8071428571428572,2,0,0,0,0.0
2026-01-08 13:00:00,1556.6666666666667,0,0.8077380952380953,2,0,0,0,0.0
2026-01-08 14:00:00,1572.3333333333333,0,0.8083333333333333,2,0,0,0,0.0
2026-01-08 15:00:00,1588.0,0,0.8089285714285714,2,0,0,0,0.0
2026-01-08 16:00:00,1620.6666666666667,0,0.8095238095238095,2,0,0,0,0.0
2026-01-08 17:00:00,1653.3333333333333,0,0.8101190476190476,2,0,0,0,0.0
2026-01-08 18:00:00,1686.0,0,0.8107142857142857,2,0,0,0,0.0
2026-01-08 19:00:00,1689.6666666666667,0,0.8113095238095238,2,0,0,0,0.0
2026-01-08 20:00:00,1693.3333333333333,0,0.8119047619047619,2,0,0,0,0.0
2026-01-08 21:00:00,1697.0,0,0.8125,2,0,0,0,0.0
2026-01-08 22:00:00,1716.6666666666667,0,0.8130952380952381,2,0,0,0,0.0
2026-01-08 23:00:00,1736.3333333333333,0,0.8136904761904762,2,0,0,0,0.0
2026-01-09 00:00:00,1756.0,0,0.8142857142857143,2,0,0,0,0.0
2026-01-09 01:00:00,1702.3333333333333,0,0.8148809523809524,2,0,0,0,0.0
2026-01-09 02:00:00,1648.6666666666667,0,0.8154761904761905,2,0,0,0,0.0
2026-01-09 03:00:00,1595.0,0,0.8160714285714286,2,0,0,0,0.0
2026-01-09 04:00:00,1606.3333333333333,0,0.8166666666666667,2,0,0,0,0.0
2026-01-09 05:00:00,1617.6666666666667,0,0.8172619047619047,2,0,0,0,0.0
2026-01-09 06:00:00,1629.0,0,0.8178571428571428,2,0,0,0,0.0
2026-01-09 07:00:00,1621.3333333333333,0,0.8184523809523809,2,0,0,0,0.0
2026-01-09 08:00:00,1613.6666666666667,0,0.819047619047619,2,0,0,0,0.0
2026-01-09 09:00:00,1606.0,0,0.8196428571428571,2,0,0,0,0.0
2026-01-09 10:00:00,1593.6666666666667,0,0.8202380952380952,2,0,0,0,0.0
2026-01-09 11:00:00,1581.3333333333333,0,0.8208333333333333,2,0,0,0,0.0
2026-01-09 12:00:00,1569.0,0,0.8214285714285714,2,0,0,0,0.0
2026-01-09 13:00:00,1588.6666666666667,0,0.8220238095238095,2,0,0,0,0.0
2026-01-09 14:00:00,1608.3333333333333,0,0.8226190476190476,2,0,0,0,0.0
2026-01-09 15:00:00,1628.0,0,0.8232142857142857,2,0,0,0,0.0
2026-01-09 16:00:00,1655.3333333333333,0,0.8238095238095238,2,0,0,0,0.0
2026-01-09 17:00:00,1682.6666666666667,0,0.8244047619047619,2,0,0,0,0.0
2026-01-09 18:00:00,1710.0,0,0.825,2,0,0,0,0.0
2026-01-09 19:00:00,1715.3333333333333,0,0.825595238095238,2,0,0,0,0.0
2026-01-09 20:00:00,1720.6666666666667,0,0.8261904761904761,2,0,0,0,0.0
2026-01-09 21:00:00,1726.0,0,0.8267857142857142,2,0,0,0,0.0
2026-01-09 22:00:00,1738.3333333333333,0,0.8273809523809523,2,0,0,0,0.0
2026-01-09 23:00:00,1750.6666666666667,0,0.8279761904761904,2,0,0,0,0.0
2026-01-10 00:00:00,1763.0,1,0.8285714285714286,2,0,0,0,0.0
2026-01-10 01:00:00,1728.3333333333333,1,0.8291666666666667,2,0,0,0,0.0
2026-01-10 02:00:00,1693.6666666666667,1,0.8297619047619048,2,0,0,0,0.0
2026-01-10 03:00:00,1659.0,1,0.8303571428571429,2,0,0,0,0.0
2026-01-10 04:00:00,1665.6666666666667,1,0.830952380952381,2,0,0,0,0.0
2026-01-10 05:00:00,1672.3333333333333,1,0.8315476190476191,2,0,0,0,0.0
2026-01-10 06:00:00,1679.0,1,0.8321428571428572,2,0,0,0,0.0
2026-01-10 07:00:00,1671.0,1,0.8327380952380953,2,0,0,0,0.0
2026-01-10 08:00:00,1663.0,1,0.8333333333333334,2,0,0,0,0.0
2026-01-10 09:00:00,1655.0,1,0.8339285714285715,2,0,0,0,0.0
2026-01-10 10:00:00,1664.0,1,0.8345238095238096,2,0,0,0,0.0
2026-01-10 11:00:00,1673.0,1,0.8351190476190476,2,0,0,0,0.0
2026-01-10 12:00:00,1682.0,1,0.8357142857142857,2,0,0,0,0.0
2026-01-10 13:00:00,1693.3333333333333,1,0.8363095238095238,2,0,0,0,0.0
2026-01-10 14:00:00,1704.6666666666667,1,0.8369047619047619,2,0,0,0,0.0
2026-01-10 15:00:00,1716.0,1,0.8375,2,0,0,0,0.0
2026-01-10 16:00:00,1737.6666666666667,1,0.8380952380952381,2,0,0,0,0.0
2026-01-10 17:00:00,1759.3333333333333,1,0.8386904761904762,2,0,0,0,0.0
2026-01-10 18:00:00,1781.0,1,0.8392857142857143,2,0,0,0,0.0
2026-01-10 19:00:00,1758.3333333333333,1,0.8398809523809524,2,0,0,0,0.0
2026-01-10 20:00:00,1735.6666666666667,1,0.8404761904761905,2,0,0,0,0.0
2026-01-10 21:00:00,1713.0,1,0.8410714285714286,2,0,0,0,0.0
2026-01-10 22:00:00,1733.0,1,0.8416666666666667,2,0,0,0,0.0
2026-01-10 23:00:00,1753.0,1,0.8422619047619048,2,0,0,0,0.0
2026-01-11 00:00:00,1773.0,1,0.8428571428571429,2,0,0,0,0.0
2026-01-11 01:00:00,1726.0,1,0.843452380952381,2,0,0,0,0.0
2026-01-11 02:00:00,1679.0,1,0.844047619047619,2,0,0,0,0.0
2026-01-11 03:00:00,1632.0,1,0.8446428571428571,2,0,0,0,0.0
2026-01-11 04:00:00,1634.3333333333333,1,0.8452380952380952,2,0,0,0,0.0
2026-01-11 05:00:00,1636.6666666666667,1,0.8458333333333333,2,0,0,0,0.0
2026-01-11 06:00:00,1639.0,1,0.8464285714285714,2,0,0,0,0.0
2026-01-11 07:00:00,1643.3333333333333,1,0.8470238095238095,2,0,0,0,0.0
2026-01-11 08:00:00,1647.6666666666667,1,0.8476190476190476,2,0,0,0,0.0
2026-01-11 09:00:00,1652.0,1,0.8482142857142857,2,0,0,0,0.0
2026-01-11 10:00:00,1662.0,1,0.8488095238095238,2,0,0,0,0.0
2026-01-11 11:00:00,1672.0,1,0.8494047619047619,2,0,0,0,0.0
2026-01-11 12:00:00,1682.0,1,0.85,2,0,0,0,0.0
2026-01-11 13:00:00,1681.6666666666667,1,0.8505952380952381,2,0,0,0,0.0
2026-01-11 14:00:00,1681.3333333333333,1,0.8511904761904762,2,0,0,0,0.0
2026-01-11 15:00:00,1681.0,1,0.8517857142857143,2,0,0,0,0.0
2026-01-11 16:00:00,1706.5,1,0.8523809523809524,2,0,0,0,0.0
2026-01-11 17:00:00,1732.0,1,0.8529761904761904,2,0,0,0,0.0
2026-01-11 18:00:00,1765.0,1,0.8535714285714285,2,0,0,0,0.0
2026-01-11 19:00:00,1786.0,1,0.8541666666666666,2,0,0,0,0.0
2026-01-11 20:00:00,1777.0,1,0.8547619047619047,2,0,0,0,0.0
2026-01-11 21:00:00,1747.0,1,0.8553571428571428,2,0,0,0,0.0
2026-01-11 22:00:00,1747.0,1,0.8559523809523809,2,0,0,0,0.0
2026-01-11 23:00:00,1753.0,1,0.856547619047619,2,0,0,0,0.0
2026-01-12 00:00:00,1761.0,0,0.8571428571428571,2,0,0,0,0.0
2026-01-12 01:00:00,1783.0,0,0.8577380952380952,2,0,0,0,0.0
2026-01-12 02:00:00,1776.0,0,0.8583333333333333,2,0,0,0,0.0
2026-01-12 03:00:00,1667.0,0,0.8589285714285714,2,0,0,0,0.0
2026-01-12 04:00:00,1630.0,0,0.8595238095238096,2,0,0,0,0.0
2026-01-12 05:00:00,1665.0,0,0.8601190476190477,2,0,0,0,0.0
2026-01-12 06:00:00,1676.0,0,0.8607142857142858,2,0,0,0,0.0
2026-01-12 07:00:00,1670.0,0,0.8613095238095239,2,0,0,0,0.0
2026-01-12 08:00:00,1630.0,0,0.861904761904762,2,0,0,0,0.0
2026-01-12 09:00:00,1560.0,0,0.8625,2,0,0,0,0.0
2026-01-12 10:00:00,1499.0,0,0.8630952380952381,2,0,0,0,0.0
2026-01-12 11:00:00,1531.0,0,0.8636904761904762,2,0,0,0,0.0
2026-01-12 12:00:00,1564.0,0,0.8642857142857143,2,0,0,0,0.0
2026-01-12 13:00:00,1569.0,0,0.8648809523809524,2,0,0,0,0.0
2026-01-12 14:00:00,1565.0,0,0.8654761904761905,2,0,0,0,0.0
2026-01-12 15:00:00,1557.0,0,0.8660714285714286,2,0,0,0,0.0
2026-01-12 16:00:00,1598.0,0,0.8666666666666667,2,0,0,0,0.0
2026-01-12 17:00:00,1683.0,0,0.8672619047619048,2,0,0,0,0.0
2026-01-12 18:00:00,1700.0,0,0.8678571428571429,2,0,0,0,0.0
2026-01-12 19:00:00,1717.0,0,0.868452380952381,2,0,0,0,0.0
2026-01-12 20:00:00,1702.0,0,0.8690476190476191,2,0,0,0,0.0
2026-01-12 21:00:00,1704.6666666666667,0,0.8696428571428572,2,0,0,0,0.0
2026-01-12 22:00:00,1707.3333333333333,0,0.8702380952380953,2,0,0,0,0.0
2026-01-12 23:00:00,1710.0,0,0.8708333333333333,2,0,0,0,0.0
2026-01-13 00:00:00,1742.0,0,0.8714285714285714,2,0,0,0,0.0
2026-01-13 01:00:00,1749.0,0,0.8720238095238095,2,0,0,0,0.0
2026-01-13 02:00:00,1685.0,0,0.8726190476190476,2,0,0,0,0.0
2026-01-13 03:00:00,1591.0,0,0.8732142857142857,2,0,0,0,0.0
2026-01-13 04:00:00,1558.0,0,0.8738095238095238,2,0,0,0,0.0
2026-01-13 05:00:00,1556.0,0,0.8744047619047619,2,0,0,0,0.0
2026-01-13 06:00:00,1575.0,0,0.875,2,0,0,0,0.0
2026-01-13 07:00:00,1592.0,0,0.8755952380952381,2,0,0,0,0.0
2026-01-13 08:00:00,1590.0,0,0.8761904761904762,2,0,0,0,0.0
2026-01-13 09:00:00,1570.0,0,0.8767857142857143,2,0,0,0,0.0
2026-01-13 10:00:00,1549.0,0,0.8773809523809524,2,0,0,0,0.0
2026-01-13 11:00:00,1547.0,0,0.8779761904761905,2,0,0,0,0.0
2026-01-13 12:00:00,1567.0,0,0.8785714285714286,2,0,0,0,0.0
2026-01-13 13:00:00,1568.0,0,0.8791666666666667,2,0,0,0,0.0
2026-01-13 14:00:00,1540.0,0,0.8797619047619047,2,0,0,0,0.0
2026-01-13 15:00:00,1571.0,0,0.8803571428571428,2,0,0,0,0.0
2026-01-13 16:00:00,1609.0,0,0.8809523809523809,2,0,0,0,0.0
2026-01-13 17:00:00,1637.0,0,0.881547619047619,2,0,0,0,0.0
2026-01-13 18:00:00,1673.0,0,0.8821428571428571,2,0,0,0,0.0
2026-01-13 19:00:00,1686.0,0,0.8827380952380952,2,0,0,0,0.0
2026-01-13 20:00:00,1693.0,0,0.8833333333333333,2,0,0,0,0.0
2026-01-13 21:00:00,1688.0,0,0.8839285714285714,2,0,0,0,0.0
2026-01-13 22:00:00,1683.0,0,0.8845238095238095,2,0,0,0,0.0
2026-01-13 23:00:00,1700.5,0,0.8851190476190476,2,0,0,0,0.0
2026-01-14 00:00:00,1718.0,0,0.8857142857142857,2,0,0,0,0.0
2026-01-14 01:00:00,1717.0,0,0.8863095238095238,2,0,0,0,0.0
2026-01-14 02:00:00,1697.0,0,0.8869047619047619,2,0,0,0,0.0
2026-01-14 03:00:00,1637.0,0,0.8875,2,0,0,0,0.0
2026-01-14 04:00:00,1631.0,0,0.888095238095238,2,0,0,0,0.0
2026-01-14 05:00:00,1652.0,0,0.8886904761904761,2,0,0,0,0.0
2026-01-14 06:00:00,1674.0,0,0.8892857142857142,2,0,0,0,0.0
2026-01-14 07:00:00,1674.0,0,0.8898809523809523,2,0,0,0,0.0
2026-01-14 08:00:00,1674.0,0,0.8904761904761904,2,0,0,0,0.0
2026-01-14 09:00:00,1608.0,0,0.8910714285714286,2,0,0,0,0.0
2026-01-14 10:00:00,1543.0,0,0.8916666666666667,2,0,0,0,0.0
2026-01-14 11:00:00,1566.0,0,0.8922619047619048,2,0,0,0,0.0
2026-01-14 12:00:00,1622.0,0,0.8928571428571429,2,0,0,0,0.0
2026-01-14 13:00:00,1656.0,0,0.893452380952381,2,0,0,0,0.0
2026-01-14 14:00:00,1678.0,0,0.8940476190476191,2,0,0,0,0.0
2026-01-14 15:00:00,1678.0,0,0.8946428571428572,2,0,0,0,0.0
2026-01-14 16:00:00,1683.0,0,0.8952380952380953,2,0,0,0,0.0
2026-01-14 17:00:00,1690.0,0,0.8958333333333334,2,0,0,0,0.0
2026-01-14 18:00:00,1718.0,0,0.8964285714285715,2,0,0,0,0.0
2026-01-14 19:00:00,1717.0,0,0.8970238095238096,2,0,0,0,0.0
2026-01-14 20:00:00,1716.0,0,0.8976190476190476,2,0,0,0,0.0
2026-01-14 21:00:00,1712.0,0,0.8982142857142857,2,0,0,0,0.0
2026-01-14 22:00:00,1682.0,0,0.8988095238095238,2,0,0,0,0.0
2026-01-14 23:00:00,1569.0,0,0.8994047619047619,2,0,0,0,0.0
2026-01-15 00:00:00,1566.0,0,0.9,2,0,0,0,0.0
2026-01-15 01:00:00,1566.0,0,0.9005952380952381,2,0,0,0,0.0
2026-01-15 02:00:00,1558.0,0,0.9011904761904762,2,0,0,0,0.0
2026-01-15 03:00:00,1507.0,0,0.9017857142857143,2,0,0,0,0.0
2026-01-15 04:00:00,1499.0,0,0.9023809523809524,2,0,0,0,0.0
2026-01-15 05:00:00,1500.0,0,0.9029761904761905,2,0,0,0,0.0
2026-01-15 06:00:00,1497.0,0,0.9035714285714286,2,0,0,0,0.0
2026-01-15 07:00:00,1480.0,0,0.9041666666666667,2,0,0,0,0.0
2026-01-15 08:00:00,1495.0,0,0.9047619047619048,2,0,0,0,0.0
2026-01-15 09:00:00,1479.0,0,0.9053571428571429,2,0,0,0,0.0
2026-01-15 10:00:00,1467.0,0,0.905952380952381,2,0,0,0,0.0
2026-01-15 11:00:00,1457.0,0,0.906547619047619,2,0,0,0,0.0
2026-01-15 12:00:00,1459.0,0,0.9071428571428571,2,0,0,0,0.0
2026-01-15 13:00:00,1462.0,0,0.9077380952380952,2,0,0,0,0.0
2026-01-15 14:00:00,1444.0,0,0.9083333333333333,2,0,0,0,0.0
2026-01-15 15:00:00,1456.0,0,0.9089285714285714,2,0,0,0,0.0
2026-01-15 16:00:00,1468.0,0,0.9095238095238095,2,0,0,0,0.0
2026-01-15 17:00:00,1470.0,0,0.9101190476190476,2,0,0,0,0.0
2026-01-15 18:00:00,1499.0,0,0.9107142857142857,2,0,0,0,0.0
2026-01-15 19:00:00,1538.0,0,0.9113095238095238,2,0,0,0,0.0
2026-01-15 20:00:00,1532.0,0,0.9119047619047619,2,0,0,0,0.0
2026-01-15 21:00:00,1477.0,0,0.9125,2,0,0,0,0.0
2026-01-15 22:00:00,1471.0,0,0.9130952380952381,2,0,0,0,0.0
2026-01-15 23:00:00,1540.0,0,0.9136904761904762,2,0,0,0,0.0
2026-01-16 00:00:00,1573.0,0,0.9142857142857143,2,0,0,0,0.0
2026-01-16 01:00:00,1572.0,0,0.9148809523809524,2,0,0,0,0.0
2026-01-16 02:00:00,1568.0,0,0.9154761904761904,2,0,0,0,0.0
2026-01-16 03:00:00,1483.0,0,0.9160714285714285,2,0,0,0,0.0
2026-01-16 04:00:00,1484.0,0,0.9166666666666666,2,0,0,0,0.0
2026-01-16 05:00:00,1501.0,0,0.9172619047619047,2,0,0,0,0.0
2026-01-16 06:00:00,1499.0,0,0.9178571428571428,2,0,0,0,0.0
2026-01-16 07:00:00,1501.0,0,0.9184523809523809,2,0,0,0,0.0
2026-01-16 08:00:00,1508.0,0,0.919047619047619,2,0,0,0,0.0
2026-01-16 09:00:00,1439.0,0,0.9196428571428571,2,0,0,0,0.0
